27 243 9
0.239580
0.240146
-0.157664
-0.054760
-0.170809
0.346045
0.009049
-0.420230
-0.027622
-0.258971
-0.097074
0.195648
0.224772
0.361742
0.230415
-0.199492
0.010246
0.459975
-0.139002
-0.021565
0.248585
0.389547
-0.049069
0.364749
-0.402994
0.044613
-0.090651
0.293504
-0.365921
-0.374842
-0.279559
-0.456647
0.093490
0.144536
0.320332
0.250475
-0.172932
0.213516
-0.040578
0.344080
-0.448206
-0.047755
0.121849
-0.434926
0.031655
-0.387633
-0.009135
0.044070
0.139429
0.493958
0.417125
0.048014
0.396010
-0.484836
0.366387
-0.417847
0.445302
0.310637
-0.163178
-0.490028
-0.412702
-0.317629
0.008867
0.349941
0.117864
0.322253
0.421979
0.025144
-0.011203
-0.430786
0.253699
0.433707
-0.446923
0.201984
0.231870
-0.341550
-0.463640
0.017132
0.394737
0.173536
-0.147790
0.438608
-0.188412
-0.218744
0.402830
-0.360635
0.424936
-0.225507
0.274006
-0.017076
-0.305964
0.289452
0.294848
-0.334729
0.306123
0.481180
0.483878
0.044992
0.063336
0.380524
0.437764
0.485869
-0.112393
-0.123821
0.399136
-0.266506
-0.099501
-0.421897
-0.285259
0.063267
0.055158
0.353602
0.232736
-0.259393
0.009208
0.478780
-0.232618
0.288252
-0.307520
0.399563
0.468253
-0.312455
-0.091917
-0.206006
-0.449383
0.223390
0.101686
0.001545
0.372304
-0.165954
-0.300589
0.380732
-0.253374
0.204683
-0.292152
-0.218441
-0.471822
0.301157
0.450819
0.360366
-0.152902
-0.068187
0.309095
0.269356
-0.257834
-0.337273
0.479047
0.234777
0.077610
-0.385875
-0.045026
0.047467
0.149595
-0.225699
0.211054
-0.419918
-0.347860
-0.370093
0.150477
0.306730
-0.497653
0.265847
-0.400215
0.400948
0.282717
-0.251954
-0.483276
0.291136
-0.203299
0.145039
-0.115644
-0.322730
-0.380225
-0.468736
-0.166997
-0.095430
0.253854
-0.126491
0.035225
0.348618
-0.054243
-0.344216
0.097202
-0.469181
0.228140
-0.447028
0.400275
0.147182
-0.118536
0.146870
-0.295134
-0.234164
-0.274689
0.442953
0.409951
-0.260586
0.378054
0.319675
0.182825
-0.192598
0.201440
0.397186
-0.148722
0.299421
-0.399227
0.212600
-0.165365
-0.328917
0.380652
-0.382374
-0.109498
0.081517
-0.400806
0.289656
-0.188685
-0.252332
0.017343
-0.367157
0.295078
-0.427885
0.018684
-0.178250
0.160919
0.452957
0.210216
-0.349573
0.009636
0.484836
-0.400509
0.193073
0.124057
0.242989
-0.329304
-0.147965
0.220427
0.457028
0.110070
-0.269925
0.006406
-0.179890
0.120648
-0.029578
-0.423596
0.207794
0.472036
0.170736
0.286699
-0.486983
0.089864
-0.062532
0.212412
-0.385127
0.240795
0.234848
-0.160751
-0.016408
0.135934
0.118645
0.377016
0.153983
-0.125451
-0.478849
0.176307
-0.489573
0.496417
-0.331267
0.093575
-0.346614
0.369458
0.072553
-0.239282
0.113281
-0.247900
0.129536
-0.075900
-0.435789
0.106377
0.099120
0.270087
0.359641
-0.035657
0.439754
-0.491419
0.055489
0.453155
-0.043655
0.145254
-0.193110
0.487516
0.485505
-0.239460
0.058311
-0.141647
-0.036111
0.001393
-0.059373
0.154625
0.451968
-0.335915
0.135844
-0.190833
0.255651
0.394316
0.008971
0.402897
-0.464670
-0.046931
0.285328
-0.350934
0.197666
-0.053348
-0.255562
0.371361
0.048949
-0.250915
0.202637
-0.249565
-0.085448
0.121974
-0.113041
0.051415
0.455610
-0.207904
0.436347
0.248294
0.051983
-0.206613
-0.319862
-0.005178
0.430721
0.220820
0.452737
0.112521
0.085246
0.136740
0.045672
0.062238
0.287953
-0.019390
-0.462962
0.474737
0.277282
-0.351573
0.149300
0.320231
-0.069155
-0.171952
-0.474083
-0.359255
0.389569
0.283425
-0.383534
0.006675
0.466621
-0.279657
0.241363
0.228472
-0.080276
-0.327572
0.080947
0.378630
-0.282086
0.079536
-0.245048
0.358553
0.093892
0.139295
-0.018604
-0.130316
0.275858
-0.049596
0.452578
0.243727
-0.118702
-0.379303
0.169774
-0.346152
0.196682
-0.013366
0.391964
0.407780
-0.076871
-0.042994
0.314197
0.091564
-0.434727
0.067721
-0.066337
0.317154
-0.128301
-0.497865
0.292467
-0.184733
0.127857
0.062616
-0.349342
0.432735
0.143643
0.210779
0.225868
-0.490261
0.338654
-0.139208
-0.186017
-0.261609
-0.191480
0.322606
0.306642
-0.252387
-0.322928
0.207057
-0.149939
0.054152
0.321479
0.200746
-0.109330
0.374426
0.149414
-0.029464
-0.145274
-0.410877
0.488753
-0.032692
0.417512
0.087492
0.478815
-0.209254
-0.363057
0.492066
-0.052334
-0.098748
0.426078
0.208831
-0.364149
-0.396807
-0.070640
-0.390845
-0.104572
0.275951
-0.360915
0.013004
-0.447799
-0.015424
0.303849
-0.418825
-0.307171
0.427563
0.303187
0.012330
0.414430
0.490817
0.221151
0.364358
-0.023744
0.147922
-0.454713
-0.079128
-0.396774
0.055352
0.276465
0.384485
0.395033
-0.384230
-0.480750
-0.005399
0.215515
0.025486
-0.363790
-0.166151
-0.292132
-0.193178
-0.416898
0.300353
0.349881
-0.134576
-0.455172
0.406745
0.424278
-0.464443
-0.010262
0.468063
-0.336660
0.286071
-0.066728
-0.278360
-0.373419
0.142214
-0.478386
-0.052527
0.399069
-0.447622
-0.454008
0.179675
-0.174882
0.076595
0.490436
0.384813
-0.144140
-0.394514
-0.237395
0.175527
-0.200134
-0.203151
-0.404228
-0.048378
0.394703
0.143915
-0.381818
0.023595
0.406358
0.336767
-0.401628
0.040996
0.205177
0.385773
0.182763
0.215105
-0.240984
-0.263549
-0.273048
0.242385
0.219752
-0.237498
-0.175657
-0.237451
0.011334
0.299239
-0.307867
0.313441
0.487874
-0.335266
-0.232089
0.492664
0.203078
0.304483
-0.196607
-0.318954
-0.187988
-0.117560
0.241802
-0.265150
0.349629
-0.025200
-0.075111
0.130464
-0.293347
0.341655
0.187000
-0.172900
0.050490
0.325932
0.314793
-0.268454
-0.388960
0.393629
-0.052688
-0.277023
0.479891
0.153006
-0.308189
0.446188
-0.265412
-0.122477
0.201287
0.065788
-0.169692
-0.336010
-0.225258
0.474472
-0.270217
-0.169140
-0.421095
-0.023041
-0.247818
0.422254
-0.324384
0.092913
-0.372734
-0.066577
-0.475983
-0.487107
0.383350
0.212484
0.269047
-0.134510
0.061182
0.098913
0.061014
0.065415
0.096034
-0.212964
0.341521
-0.407856
-0.259576
0.046120
0.067681
0.287208
0.147792
0.298744
-0.193353
0.231758
0.188715
0.382144
-0.243877
0.357752
-0.350483
-0.407028
-0.322179
0.273906
-0.414539
0.133712
0.257505
-0.163266
0.272794
0.049833
-0.036207
0.178948
-0.030500
0.142016
0.413415
-0.357699
0.286882
0.368620
0.259441
-0.384867
-0.008801
0.467512
-0.051214
-0.372436
0.341980
-0.283670
-0.458959
-0.065685
0.225196
-0.440200
0.242456
-0.455303
-0.361208
-0.229110
-0.312695
0.438911
-0.238052
0.347652
0.267004
-0.159095
0.431573
0.340035
-0.341829
0.081390
0.063868
-0.294716
-0.031834
0.136745
-0.491607
-0.472474
0.233544
0.341149
-0.313743
0.045752
-0.458403
0.134427
0.463575
0.423156
0.152940
-0.299969
-0.326624
0.288101
-0.136615
0.199632
-0.116412
-0.251428
-0.416624
0.375335
-0.293970
-0.265861
0.403915
0.453379
0.385383
0.332400
0.379759
-0.308423
0.103975
-0.111673
0.136438
-0.471957
0.322924
-0.270893
0.399094
-0.083849
0.482965
-0.214287
-0.385411
0.026106
0.095891
-0.222436
0.022409
0.279559
-0.405369
0.170379
0.260175
0.113837
-0.230166
0.067127
0.462445
0.002380
0.235913
0.394533
0.243538
0.449476
-0.440172
0.151608
-0.001023
-0.439018
0.092205
0.250347
-0.314031
0.291750
0.409725
-0.464853
-0.228347
0.323103
-0.489956
-0.262163
0.022665
-0.014311
0.211071
-0.044474
0.379649
-0.151584
0.247246
0.495467
-0.233492
-0.388718
-0.206296
-0.234903
-0.465203
-0.081876
0.134685
-0.144510
0.293904
-0.375057
0.375474
0.115873
0.057716
-0.087191
-0.323147
0.213883
0.034068
0.491480
0.479591
0.308891
-0.356501
0.188539
-0.393561
0.071823
-0.489425
0.060021
-0.329851
0.450308
0.334708
0.412546
-0.283150
0.411806
-0.118058
0.161014
-0.093314
-0.277729
0.113813
0.280991
-0.231405
-0.229920
-0.011882
0.198203
-0.043259
0.431072
0.374997
-0.032977
0.422031
-0.422528
-0.447335
0.357354
0.477205
0.203444
0.363940
0.284723
-0.185722
-0.473868
0.344361
0.300817
-0.391441
-0.144018
0.403523
0.219803
-0.048341
0.097663
0.328088
-0.145827
0.332803
0.376617
0.420156
-0.028005
0.062607
0.288749
-0.147779
0.111422
0.449688
-0.472296
0.345064
-0.252314
-0.331847
0.301215
-0.467755
0.145575
0.018183
0.032402
0.354260
-0.471194
0.218018
-0.077767
0.193173
0.260156
-0.019060
0.398195
0.046089
0.448352
0.001068
0.431477
0.101371
-0.144884
-0.441523
0.125635
-0.312788
0.184925
-0.487306
0.353078
-0.264665
0.440571
-0.453465
0.479882
0.358760
0.413910
-0.409783
-0.488236
0.409839
0.125990
-0.295324
0.073524
-0.235984
0.302742
-0.220412
-0.340042
0.250372
0.242663
-0.231039
-0.118067
-0.186280
-0.245341
-0.131757
-0.016434
0.403174
-0.118744
-0.064897
0.443329
0.330830
0.251819
0.068349
-0.166370
0.070439
0.236691
-0.029897
-0.082967
-0.135271
-0.381258
0.127803
0.087354
0.434130
0.027970
-0.115155
0.306829
-0.440632
-0.100691
0.310277
0.375387
-0.482407
-0.402831
0.079045
-0.383960
0.049962
-0.092407
-0.303027
0.088121
0.442975
0.138298
-0.348235
0.255800
-0.074065
0.455146
-0.228778
-0.330537
0.254063
0.308172
0.237680
-0.192910
0.072099
0.300791
-0.140658
-0.384115
0.444331
0.056257
-0.486320
0.036180
0.200026
0.472822
0.365611
-0.487562
0.181962
0.126422
-0.419276
-0.491174
0.304053
-0.143759
0.259199
-0.377784
-0.283022
0.253075
0.494293
0.189168
0.052000
-0.211156
-0.183270
0.282510
0.269023
0.194616
0.487283
-0.004732
0.262700
-0.385830
0.208043
-0.019172
-0.441968
-0.409477
-0.045016
-0.305303
0.413910
-0.238952
-0.238884
0.443398
-0.399369
0.172369
-0.078971
-0.060678
0.175658
0.188944
0.372334
-0.042033
0.338162
-0.045914
-0.299041
-0.070423
0.207586
-0.138803
0.041256
0.298347
0.091498
0.024004
0.040089
0.009326
0.095504
0.131279
-0.273061
-0.312142
0.499299
0.146623
0.362294
0.234555
0.457784
-0.393690
-0.251792
0.160307
-0.180369
-0.228003
0.400887
-0.199026
-0.126017
-0.130163
0.472621
-0.061228
-0.395167
-0.088765
0.139070
-0.269455
-0.220576
-0.037686
0.375931
-0.145728
-0.170075
-0.115409
0.108081
-0.167655
-0.390832
-0.088365
0.005497
-0.494385
0.003350
0.436550
0.346878
-0.190533
-0.375155
0.195166
-0.475449
-0.299869
0.494403
-0.155538
-0.321161
-0.426574
-0.454210
-0.449425
0.184292
0.472106
-0.200468
-0.067963
0.475823
-0.346427
-0.198113
-0.344567
0.226662
0.372448
0.122419
-0.349223
-0.348417
-0.412673
0.254068
0.281566
-0.481862
0.108960
0.407892
0.413596
0.459383
0.114114
-0.267625
0.079517
-0.414800
-0.163141
0.231098
0.445994
0.206921
0.191144
0.366624
0.479322
-0.005459
0.352347
0.359119
-0.108555
-0.149989
-0.078992
0.173207
-0.086380
-0.365650
-0.142627
0.351793
-0.455988
0.058181
-0.077198
0.346635
0.097857
-0.417056
0.027530
0.189626
-0.158297
-0.173586
-0.499891
-0.484301
0.098450
-0.260691
-0.140050
0.210532
0.140321
-0.008651
-0.223484
-0.454466
0.120736
-0.360852
0.403655
-0.363855
-0.429459
-0.107429
0.260612
0.360793
-0.106621
0.297551
-0.354464
0.091998
-0.170595
-0.162571
-0.294666
-0.469501
0.031748
0.439794
0.394597
-0.113799
0.124394
0.393214
-0.073752
0.225649
-0.310835
-0.157952
-0.360460
0.397894
-0.245978
-0.283486
-0.449865
0.245228
0.310746
-0.464438
-0.104270
-0.155134
0.398179
-0.384934
0.123316
-0.267957
-0.436680
0.458513
0.048130
-0.189293
-0.460398
-0.332558
-0.263629
-0.255879
0.086978
0.155136
0.070785
-0.165612
-0.199304
0.289732
-0.453164
-0.168333
0.463591
0.271319
-0.112323
-0.037737
-0.065132
-0.234421
0.465151
0.095772
0.055413
-0.058391
0.076601
0.311055
0.171395
0.024162
0.449067
0.170932
0.303937
-0.224560
-0.360383
-0.044524
0.420117
0.162902
0.218456
0.109706
0.462787
0.497383
0.225535
-0.005484
-0.112092
-0.461917
-0.378238
0.343181
0.217534
0.080831
-0.010009
0.155291
0.073502
-0.288268
-0.378860
-0.339201
0.149738
0.112061
-0.468109
0.474329
0.438970
0.282538
0.007888
0.427826
0.267139
0.143820
-0.316676
0.273414
-0.372024
-0.497798
-0.027344
-0.410935
-0.214959
0.402138
0.464453
-0.057696
0.219041
0.374649
0.373542
0.256753
-0.096888
0.077650
-0.399372
0.210684
-0.068287
0.369132
0.206678
-0.437365
0.119095
0.401176
-0.326737
0.451784
0.238855
-0.024301
0.171260
-0.004688
0.039514
-0.423839
0.153841
0.492145
-0.215205
0.224331
-0.266915
-0.299668
0.311408
-0.044281
-0.248123
0.126781
0.181509
0.460630
0.499901
0.004639
0.356511
0.232099
-0.097879
0.262665
0.148869
0.333459
-0.002253
-0.126049
0.175946
-0.249216
-0.453510
0.159810
-0.474197
0.004495
-0.160816
0.089557
-0.024742
-0.454724
0.358876
-0.475519
0.497451
-0.288084
0.420084
0.474281
-0.488434
0.246265
0.431479
-0.157200
-0.354021
-0.464539
0.280335
-0.076041
-0.175565
0.353301
-0.250202
-0.190440
-0.372827
-0.239425
-0.091878
0.179243
0.359231
0.463807
-0.021282
-0.481969
0.147296
0.082609
0.099746
0.041136
-0.063156
-0.386554
0.227552
0.176816
0.058752
0.430597
-0.369585
0.073808
-0.119883
0.001674
-0.430139
0.387799
-0.014996
-0.261813
-0.007401
-0.335721
0.461853
-0.078180
-0.286802
0.155857
0.191916
0.175255
-0.045501
-0.195150
-0.195676
0.484339
-0.178289
0.258738
-0.010132
0.261298
0.000961
0.434937
-0.362553
-0.004286
0.355473
-0.337389
-0.137075
-0.447941
0.340107
-0.484869
0.395251
0.264412
-0.426647
-0.389042
-0.499359
-0.418356
-0.010110
0.259463
-0.244431
-0.286209
-0.054509
-0.288657
0.191312
-0.361155
0.042402
0.415315
-0.490439
-0.168276
0.097558
-0.126910
0.277415
0.236015
-0.063056
0.486739
-0.364263
-0.469430
0.135462
0.228666
0.196834
-0.415542
-0.220165
-0.329395
-0.002978
0.141581
-0.184419
0.442421
-0.101282
0.118792
0.067230
-0.203376
0.107299
0.416158
0.312116
0.453756
0.246821
0.020167
0.151428
0.187652
-0.042368
-0.451140
-0.086000
0.245295
0.345133
-0.256219
0.352438
0.066505
-0.287955
0.074564
0.262022
0.394155
0.263376
-0.273542
-0.098143
-0.269698
0.469736
0.325020
0.151310
-0.384811
0.109575
-0.210523
-0.158101
-0.424371
-0.260411
-0.482652
-0.376945
-0.241753
-0.111733
-0.281938
0.460874
-0.182141
0.475148
0.315043
-0.225289
-0.186635
0.264989
-0.451561
0.242349
-0.052600
-0.285216
-0.100062
-0.473691
-0.089779
-0.113001
-0.261999
-0.407466
0.213982
0.234547
-0.246325
0.245132
-0.266092
-0.113816
-0.007845
-0.159872
0.210217
0.275079
0.392351
0.343068
0.261641
0.210475
0.271350
0.391259
0.121333
0.248506
-0.056014
-0.258673
0.216764
-0.439844
-0.199069
0.285008
-0.454198
0.488982
-0.062757
0.037211
-0.475202
0.292310
0.014179
-0.446003
0.206978
-0.288569
0.474348
-0.365493
-0.411507
0.277977
-0.285978
0.020961
-0.191178
0.228371
0.313603
0.202361
-0.495073
0.441259
0.055373
0.127338
0.497513
0.289671
-0.096189
-0.165282
0.300078
-0.408951
-0.492720
0.071337
-0.062619
0.476436
0.374735
0.186639
-0.184490
-0.410911
-0.487618
-0.472919
0.291854
0.017471
0.090966
0.089882
0.436127
-0.031594
0.403413
0.130195
-0.082171
-0.152206
-0.160896
0.265546
0.330990
0.255307
-0.376521
0.004745
-0.430206
0.180722
-0.440110
0.285014
-0.127580
-0.403250
-0.134197
0.004442
0.462236
-0.026829
0.332874
0.169160
-0.357275
0.022465
0.128197
-0.126586
-0.484886
-0.445827
0.264907
0.150001
0.495219
-0.046824
-0.492185
0.413880
-0.289529
0.294875
-0.221526
-0.315398
0.209966
0.054479
0.082896
0.207800
0.091322
-0.079866
-0.029461
0.393969
0.113264
0.089526
0.184241
0.371736
0.194904
0.048233
0.483202
0.421769
-0.063622
0.030640
-0.162513
-0.269836
0.081583
0.301939
0.489638
0.297440
0.055444
0.176035
-0.200613
-0.204186
-0.121803
-0.383324
-0.093588
-0.446402
-0.097643
0.139163
0.103252
0.044521
0.175458
0.244324
-0.011569
-0.108684
0.040884
-0.037656
0.226887
-0.354174
0.319806
-0.085058
-0.490792
0.116009
-0.479818
-0.132420
0.280295
0.442108
-0.130609
-0.303820
-0.365155
0.146211
-0.249224
-0.421389
0.324325
0.499331
-0.100475
0.145838
0.058285
-0.195266
-0.163806
-0.219664
-0.252021
-0.151731
-0.133312
0.136848
-0.212261
-0.389804
-0.244024
-0.110483
0.459968
0.275381
-0.008126
-0.452967
0.268343
-0.043373
-0.369736
-0.358095
0.430258
-0.014659
0.141669
-0.182559
-0.031644
0.274928
0.363377
0.387712
0.278473
0.046321
0.401395
0.233744
-0.244848
0.392989
-0.327288
-0.480162
0.059106
0.361592
-0.224609
0.444168
-0.146037
-0.397197
-0.115822
0.374826
-0.176791
-0.353330
0.307636
0.413089
-0.334564
0.025133
-0.164353
0.367240
0.465797
0.173602
0.038376
0.361284
-0.118558
0.182588
0.051030
0.074531
-0.264682
-0.091077
0.025225
0.222311
0.017772
0.496397
0.035217
0.316932
-0.197018
0.434322
-0.130743
0.246958
-0.417901
-0.123810
-0.279403
-0.376046
0.286571
-0.295746
-0.206026
-0.247348
0.119645
-0.325968
0.213809
-0.163329
0.081665
-0.326338
-0.412521
-0.495415
0.135136
0.282608
0.351440
0.170527
0.002908
-0.499835
-0.458881
-0.311431
-0.415114
-0.164787
-0.026004
0.331482
-0.298920
-0.056373
-0.487090
0.085747
0.073963
-0.183227
-0.183702
0.392242
0.293704
0.481533
-0.442459
0.214492
0.215232
0.063034
0.301691
-0.276983
-0.350854
-0.464208
0.244923
0.217119
0.309156
0.466161
0.467822
0.374434
-0.395567
-0.332570
0.144237
0.481488
0.399489
0.293732
-0.486168
-0.021185
-0.346628
-0.257909
0.417847
-0.499330
0.321805
0.073419
0.483406
0.339312
0.317526
0.262414
-0.248599
-0.059783
-0.073286
0.336208
0.000094
-0.225069
0.462050
0.356141
0.189903
0.145695
-0.397815
0.147865
-0.051906
0.226194
-0.364755
0.404799
0.451292
0.298763
-0.316469
-0.055373
-0.118167
-0.202262
0.134003
-0.048378
-0.308755
-0.334777
-0.214875
0.015653
-0.353297
0.367099
-0.337406
0.341622
0.040217
-0.386743
0.252687
-0.108924
0.003491
-0.085634
0.256312
0.406277
-0.145561
-0.456665
0.035414
0.470001
0.265594
-0.370601
0.409207
-0.426256
-0.335091
0.479874
0.325048
-0.031461
0.369080
0.470078
-0.061881
-0.168703
0.107495
0.377400
-0.446890
-0.314462
-0.141372
0.273425
0.467802
-0.029091
0.105582
0.449449
0.049011
-0.441756
0.297954
0.101131
0.195092
0.374015
-0.431458
0.431309
0.447983
-0.289241
-0.407886
0.160925
0.420752
0.489535
-0.247951
0.036361
-0.209215
0.364982
0.437755
0.143145
0.156659
-0.481794
0.341466
-0.312694
-0.023880
0.105987
0.005720
0.012928
-0.497114
0.432726
-0.155172
0.035748
-0.484899
0.317224
0.229758
-0.074273
0.095885
-0.179703
0.091098
0.103845
0.096297
0.036011
0.147778
0.419421
0.096871
0.443751
-0.038032
-0.148919
0.498388
-0.392248
-0.328052
-0.451703
-0.149771
0.050869
-0.376455
-0.396460
0.112594
0.086082
-0.227692
0.444086
-0.168104
-0.353219
0.427042
0.391902
-0.483660
0.041335
0.270154
-0.245248
0.065421
-0.251634
0.059372
-0.040392
-0.452938
0.471536
0.100890
-0.147024
0.065415
-0.259475
-0.363017
-0.473735
0.380304
0.408840
0.076344
0.077786
0.114933
-0.094271
-0.082645
-0.429647
0.411870
-0.339509
0.390457
0.382460
0.436346
-0.260580
-0.040112
-0.304265
0.111531
0.242794
-0.112752
0.479997
0.127773
-0.148071
-0.444922
-0.255908
-0.178970
0.054881
0.009273
-0.112191
0.159482
0.046393
-0.032613
-0.423764
0.068273
0.164666
-0.009725
0.376340
-0.414867
0.186001
0.015593
-0.468696
0.300478
-0.268926
-0.403100
0.370659
0.273791
-0.027646
-0.041216
-0.289748
0.442901
-0.122600
0.034703
-0.125058
0.039934
-0.387683
0.309592
-0.044191
0.400958
0.200126
-0.473833
0.497259
0.403992
0.168856
0.391729
-0.093551
-0.124671
-0.468538
0.248659
-0.395504
0.405465
0.337196
0.118548
0.091329
-0.209361
0.234252
-0.496270
0.325039
-0.299857
0.497963
0.410811
-0.038513
0.479688
-0.319566
0.222586
-0.264464
0.250597
-0.356119
0.165165
0.089372
-0.429850
-0.062828
-0.187079
0.307155
0.130799
-0.356442
-0.265422
0.067865
-0.330192
-0.197809
-0.422581
-0.383669
-0.007101
0.407257
0.168153
0.287896
-0.244837
-0.387472
-0.237840
0.068430
-0.232082
0.110587
0.076456
-0.328301
-0.142996
0.287261
0.037319
-0.317734
0.429094
0.369313
-0.496080
0.096558
-0.253344
-0.344387
-0.150857
0.344341
-0.157419
-0.102660
0.296390
0.058260
-0.039404
0.337354
-0.315796
-0.093346
-0.116149
-0.109444
-0.470328
0.439289
-0.278790
0.317903
-0.348025
-0.106748
0.044314
0.188061
0.435604
-0.315612
0.487600
-0.186661
-0.351996
-0.459767
0.453647
-0.026275
-0.157946
0.396990
0.458300
0.481940
0.281492
0.039915
0.386827
0.086155
0.007494
-0.187724
-0.185858
-0.335515
0.277367
0.457386
0.047341
-0.160985
-0.040521
-0.232962
0.394942
-0.296148
0.217647
-0.186810
-0.285773
-0.276249
-0.113472
0.350985
-0.025555
-0.261456
0.375458
-0.170946
0.401985
-0.477077
-0.271150
0.336692
-0.312109
-0.133580
-0.083219
0.091694
0.003007
0.134666
-0.464078
0.334457
0.001113
-0.289221
-0.332645
-0.141773
-0.074937
-0.249809
0.462551
0.222752
-0.052939
0.020891
-0.147302
0.073356
0.264848
0.203913
0.493698
0.445702
0.235977
-0.183954
-0.332961
-0.369119
-0.191626
-0.351165
0.411192
-0.427286
-0.104062
0.200597
-0.476035
0.017964
-0.247705
-0.077851
-0.059240
0.252661
0.334079
-0.153046
0.321556
-0.125867
0.014876
-0.058565
0.298814
-0.401853
0.106907
0.032015
0.072689
-0.390150
-0.253083
-0.112636
-0.093190
0.251139
0.122178
-0.354337
0.221625
-0.175524
-0.217188
0.052990
-0.417532
-0.271719
0.148292
0.257514
0.491292
0.339643
-0.267554
0.263178
-0.095071
0.497334
-0.045707
-0.126003
-0.495044
0.387668
-0.214063
0.233844
0.259280
-0.216305
0.117671
0.415969
0.401278
-0.083273
-0.300056
-0.382455
-0.340716
0.174117
-0.387330
0.149408
-0.348882
-0.117487
-0.484821
0.393825
0.279766
0.416757
0.431053
0.338122
-0.139338
-0.078451
0.238961
-0.331290
-0.310334
0.301705
0.186553
0.412251
0.247598
0.022142
-0.468206
-0.198796
0.102917
-0.204213
0.373488
0.329771
0.189413
-0.185299
0.152602
0.168468
-0.095814
-0.103613
-0.261469
-0.019647
-0.052660
0.177165
0.417672
-0.073680
0.156633
0.483738
-0.473009
-0.445825
-0.313446
-0.342199
0.249878
0.085819
-0.145125
-0.111725
-0.167395
-0.378010
-0.496758
0.161044
-0.103360
0.139798
0.397032
-0.365547
-0.034977
-0.465717
-0.229216
0.430940
-0.164124
0.317941
0.203913
-0.343716
0.028875
-0.169475
-0.234873
-0.499083
-0.064676
0.406020
0.352865
0.085275
-0.220016
0.446546
-0.043620
0.199137
-0.215608
0.179201
-0.159143
-0.194740
0.207660
-0.201875
-0.081271
-0.018230
0.048028
0.007460
-0.484623
-0.242294
0.310312
-0.127329
0.143193
-0.005789
-0.025966
-0.394296
0.291064
0.007724
0.356086
-0.293811
-0.361958
0.388982
0.401901
-0.141398
0.296213
0.405197
-0.115360
0.225343
-0.043470
0.455244
0.174600
0.427009
0.279044
-0.180632
-0.459956
0.327254
0.272459
0.386304
0.056968
-0.037245
0.309043
0.410113
-0.399392
-0.189280
-0.218078
0.356435
-0.469205
-0.208414
0.080272
-0.096601
0.012697
0.286533
-0.133040
0.213542
-0.385666
0.340028
-0.280292
-0.313376
-0.364450
-0.018392
0.410546
-0.007287
-0.261615
0.123923
0.457381
0.161659
-0.123581
0.065795
0.339766
0.195094
-0.265178
-0.244637
0.071749
0.281189
-0.209649
0.296929
-0.396589
-0.240868
-0.498567
-0.396500
0.070543
-0.285709
-0.371136
-0.114571
-0.089345
-0.338960
0.290022
0.344106
0.409956
0.385141
-0.296551
-0.046665
-0.278832
-0.242543
-0.192922
-0.335424
0.024336
0.085045
-0.019823
-0.006866
0.189578
0.447075
-0.255420
-0.308035
0.410728
-0.304038
0.051231
0.239749
-0.052342
-0.013378
-0.012944
-0.410590
0.056774
0.081133
0.155458
0.239452
0.100235
-0.091676
0.233775
0.133178
0.137673
0.449214
0.254498
-0.080824
-0.473999
0.163755
-0.434399
-0.455934
0.116832
0.206130
-0.132035
0.313918
-0.290230
-0.127696
0.004316
0.386556
-0.342964
-0.092166
0.104086
0.197831
-0.473920
-0.062717
0.199405
-0.236720
0.012680
0.373475
-0.081416
-0.066620
0.337760
-0.463394
-0.058635
0.370717
-0.103372
0.341349
0.145976
0.336178
-0.213062
-0.208476
-0.370954
0.362690
0.218048
0.446659
-0.142461
0.124036
-0.499068
0.308297
-0.112949
-0.467496
-0.381915
-0.010236
0.237330
-0.016989
-0.496198
-0.256347
-0.445095
0.470035
0.324847
0.354498
0.395672
-0.130937
-0.032003
0.349922
-0.113575
-0.007461
-0.467738
-0.008826
-0.460338
0.478941
-0.363671
0.124950
-0.303101
-0.090162
-0.265230
0.243429
-0.041746
-0.004091
-0.003240
-0.300323
0.243979
0.335012
-0.316164
0.422722
-0.397925
0.170148
0.489254
0.406545
0.275852
-0.439985
-0.017287
0.217912
0.021229
0.474117
-0.175613
0.068649
-0.140206
0.209269
0.453673
-0.308643
0.315517
0.463090
0.409350
-0.040150
0.099659
-0.414236
-0.387477
0.445988
-0.089197
0.293570
-0.081158
-0.352797
-0.104722
-0.424631
0.185647
0.413054
-0.091665
-0.111274
0.350450
-0.396750
-0.251059
0.343842
-0.056737
0.447978
0.027059
-0.064604
0.059305
-0.479473
-0.142378
-0.002945
0.145160
0.160008
-0.191205
-0.132543
0.211537
0.226207
0.297878
-0.353346
0.237976
-0.480228
0.158661
-0.416355
0.267801
0.422959
-0.096658
0.273409
-0.438781
-0.436662
-0.407813
-0.223160
0.008011
0.478853
-0.380373
0.281799
0.273032
-0.225974
0.210465
0.221218
0.374547
0.351763
0.488208
-0.012040
-0.340771
-0.239063
-0.118416
0.152101
-0.078853
-0.068284
-0.003625
0.382660
0.018916
0.120983
-0.268480
0.091745
-0.085614
-0.017626
0.100007
-0.455030
-0.274745
0.490297
0.364115
-0.005102
0.339266
-0.303631
-0.478080
-0.078699
-0.023911
0.262247
-0.184466
-0.400029
-0.063006
-0.466191
-0.222423
0.005730
0.133946
-0.218280
0.185427
0.340932
0.277747
-0.139337
0.123470
0.176281
0.085061
-0.376228
0.231974
0.304803
0.397597
-0.495051
-0.280424
0.076708
0.479261
0.369984
0.095804
-0.475914
-0.298329
-0.222865
0.067831
0.156650
-0.318099
-0.200343
0.300012
0.450585
-0.354467
-0.326057
0.314258
0.033593
-0.105318
0.347960
-0.352555
-0.155736
0.241168
0.071289
-0.126240
0.161050
0.046131
0.184865
0.309970
-0.337390
-0.225160
-0.061488
-0.028070
0.137439
-0.038405
-0.117450
-0.216801
-0.047877
0.100564
0.437563
-0.332664
-0.221499
0.008501
0.411357
-0.261327
0.452323
0.471730
0.087345
-0.229565
-0.463031
-0.032358
-0.144755
-0.055240
0.341290
-0.323132
0.014897
-0.186733
0.371120
0.420439
-0.314423
0.304259
-0.373697
0.084400
-0.208409
-0.295350
-0.336757
-0.442078
-0.465714
0.098565
-0.401219
-0.100137
0.183084
-0.063168
-0.275965
-0.162759
-0.018197
-0.001211
-0.457886
-0.093018
-0.334670
-0.131000
-0.457660
0.183670
-0.082951
-0.397638
-0.216021
0.380315
-0.493674
-0.224605
-0.374466
-0.043307
-0.460178
-0.259422
-0.480258
-0.135127
-0.480010
-0.308322
0.049044
-0.384545
0.014161
0.074082
0.071958
-0.364694
0.429843
-0.003516
0.335154
0.179959
-0.216369
0.415482
0.109903
-0.324801
-0.013656
0.338339
-0.026449
-0.173355
-0.280902
0.382046
-0.424496
0.345153
0.158236
0.122563
-0.084056
-0.399059
0.062725
-0.016218
-0.237729
-0.351524
0.227204
0.045943
-0.143483
0.278094
0.474664
0.280230
-0.176843
0.449704
0.427615
0.386607
0.065325
0.115283
0.318920
0.130589
-0.245795
-0.417773
0.141906
-0.047207
-0.451342
0.407318
-0.373341
0.314809
0.123384
0.065679
0.270530
0.299409
-0.184516
-0.075601
-0.106197
0.128521
-0.280467
-0.091250
0.182766
0.470049
0.224745
0.061962
-0.233279
0.243429
-0.071573
0.138524
-0.033595
0.443196
-0.480889
0.317621
0.287329
-0.061798
0.454337
-0.489580
-0.230179
-0.027553
0.139602
-0.068702
0.197800
-0.389849
0.154214
0.454425
-0.163019
-0.372639
-0.210495
0.043960
-0.337167
-0.212610
0.055366
0.347531
-0.141798
-0.205799
0.065197
0.137822
0.398887
-0.183603
-0.311808
-0.246352
-0.100870
-0.277323
0.106835
0.491615
-0.205587
0.145830
-0.474037
0.365704
0.474825
-0.226581
-0.033225
-0.473226
0.237186
0.104757
-0.232747
-0.318796
0.090642
0.154939
-0.192288
-0.279578
-0.461356
0.131055
0.260185
0.175843
-0.289566
0.319367
-0.436611
-0.403548
0.230069
-0.194648
0.039754
0.476788
-0.261741
0.099995
-0.086755
0.470344
-0.373624
0.204651
-0.075352
0.123849
-0.161946
0.118143
-0.170123
0.326510
-0.064741
0.006348
0.030233
0.410258
-0.004603
-0.310587
-0.131471
-0.095047
-0.160208
0.308845
0.413300
0.271320
-0.361724
-0.478398
0.288006
-0.429092
0.422778
-0.478529
-0.434073
0.054188
0.467605
-0.151103
-0.428034
-0.307493
0.268317
0.261335
0.225583
-0.177085
0.457554
-0.130362
-0.273350
0.448925
-0.255765
0.303321
-0.024709
-0.324986
-0.386902
-0.082379
-0.310205
-0.009479
-0.272534
0.287234
0.399256
-0.084574
-0.177298
0.081846
-0.062214
0.247753
-0.241738
-0.261515
0.412328
-0.017780
0.341562
-0.396734
-0.267184
0.033825
-0.363759
-0.337495
0.110507
0.341713
-0.427168
-0.421506
0.486387
-0.234569
0.356974
-0.149453
0.394529
-0.144813
-0.126518
-0.383396
0.135486
-0.426680
0.377393
-0.312254
0.362696
-0.312436
-0.081676
0.197704
0.222842
0.476247
0.459969
0.316764
-0.108474
-0.219039
0.160350
0.217890
0.183741
-0.493271
0.225477
-0.006780
-0.054313
0.392066
-0.382506
-0.399723
-0.084569
-0.124770
0.274559
0.053008
0.346101
0.177749
0.221156
0.357865
-0.213077
0.296910
-0.277843
-0.322383
0.030043
0.480039
0.186067
-0.067822
0.106984
-0.328978
0.359973
-0.050798
0.443924
-0.269432
0.468317
-0.452532
-0.336498
0.381566
-0.072565
-0.212756
-0.346083
0.461690
0.161524
0.448695
0.466298
-0.304558
-0.034796
0.035231
-0.020121
-0.233145
-0.040082
0.079344
0.245777
0.335409
-0.262019
-0.003141
-0.309247
0.158018
-0.387684
-0.321759
-0.079135
0.059290
-0.407570
-0.449112
-0.238003
-0.043136
0.488339
0.470199
0.027292
-0.319507
0.010233
0.453202
0.150918
-0.199977
-0.103307
0.156399
0.130793
-0.350074
0.376932
0.184753
-0.289987
-0.404666
0.171694
-0.199501
-0.180559
0.401764
-0.363027
-0.062946
0.293987
0.335915
0.181687
-0.251092
0.388184
0.469468
-0.441068
0.371738
0.083120
-0.075400
0.149608
0.005719
-0.425645
-0.107654
0.399951
-0.497834
-0.396000
-0.062083
-0.134344
0.272569
0.371605
0.308385
-0.209300
-0.490362
-0.469345
0.407860
0.352189
0.330137
-0.109105
-0.186989
-0.246363
0.420509
-0.421542
-0.344246
-0.099072
-0.216773
0.232885
-0.006793
-0.396813
0.208405
0.384037
-0.151881
0.201687
0.195855
-0.328334
-0.344608
0.466297
-0.163470
-0.066402
-0.375145
0.475136
-0.136619
0.196676
-0.451212
0.472049
-0.264069
0.132348
-0.443975
-0.103680
0.207485
0.415365
0.147975
0.424234
-0.174203
0.025553
0.182666
-0.113679
0.474020
0.374724
-0.238536
-0.297993
0.055167
-0.477903
0.367635
0.432893
0.342772
-0.427066
0.274818
0.198037
0.343319
0.089830
-0.253243
-0.355197
0.263096
-0.079348
-0.175731
0.309859
-0.073647
0.122331
-0.443075
0.320841
0.046466
0.274077
-0.252457
0.108119
-0.147214
-0.221901
0.014605
-0.213718
0.411949
-0.448651
-0.363344
-0.265044
-0.203332
0.493355
0.347083
-0.368021
-0.286166
0.411333
-0.086661
-0.261586
0.483804
0.352995
0.227027
-0.067685
0.098646
-0.074406
-0.448280
0.173630
0.246734
0.071784
-0.468028
0.303540
0.036681
-0.328281
-0.468409
0.269204
0.091921
-0.425516
-0.479306
-0.458323
-0.006923
-0.009598
0.236318
0.030297
-0.088765
-0.041385
0.078238
0.231564
-0.268621
0.290557
0.363580
0.030607
0.028309
0.066870
0.216400
0.095294
0.237580
0.117661
-0.182790
0.033062
-0.484833
-0.280663
-0.136406
-0.022511
0.448464
-0.492215
0.167407
0.233152
-0.417056
-0.227926
0.001424
0.112714
-0.316445
-0.419452
0.285257
-0.042500
-0.064364
0.118075
-0.419389
-0.491721
-0.418667
-0.067786
0.390707
0.381468
-0.335783
0.477163
0.376773
0.219926
-0.070149
-0.032590
0.171404
-0.429379
-0.417195
0.054926
-0.403958
-0.088045
0.234659
0.265007
0.105042
0.322383
0.079540
-0.480182
-0.249614
-0.448261
-0.162077
0.265292
0.167868
0.045824
-0.185083
-0.456797
-0.379142
0.451087
-0.470697
0.457949
-0.273909
0.188558
0.043700
0.170150
-0.235682
0.077414
-0.423107
0.461231
-0.295398
0.081054
-0.373545
-0.339406
0.031037
0.043119
-0.342422
0.118184
0.361972
0.296473
-0.011026
0.286839
0.474080
0.107905
-0.185203
-0.239957
-0.496645
0.034150
0.380431
-0.048402
0.295882
-0.200534
0.055759
-0.354890
-0.473791
0.015977
0.346993
-0.359784
-0.453387
0.040517
-0.285741
-0.373445
0.350381
0.432783
0.399039
-0.135970
-0.025379
-0.191321
-0.251388
0.331659
-0.110330
-0.152929
0.000373
0.235649
0.103262
-0.103281
0.373421
-0.478776
-0.247133
0.270156
0.238728
-0.434193
-0.157059
0.162521
0.479854
0.478016
-0.264192
-0.320315
-0.298120
0.248668
-0.418122
0.185775
0.490601
-0.213332
0.015556
0.074845
0.161433
0.267423
0.488033
0.243467
-0.417685
0.230140
0.231459
0.167023
0.344644
-0.448120
0.348907
0.353190
-0.332531
-0.121121
0.007673
0.407754
-0.454337
0.475157
-0.409500
0.140860
0.089154
0.120781
0.328279
0.069100
0.496822
-0.272116
0.268564
0.108802
-0.261366
0.303581
0.096483
-0.191982
-0.420612
0.082417
0.183327
0.010723
0.143598
-0.457221
0.285384
-0.459749
-0.303082
0.439444
0.385310
-0.213674
0.418778
-0.413660
0.007933
0.035327
0.087574
0.463021
0.203283
0.488117
0.189208
-0.206027
0.242000
0.155777
-0.193410
0.394287
0.389007
-0.208712
-0.314964
0.166267
-0.401080
-0.405478
0.206708
-0.069484
-0.463693
0.196634
0.455675
-0.237830
-0.340322
-0.487499
0.155856
0.282286
-0.227194
0.488108
0.428239
0.468777
-0.085921
-0.140027
0.124857
-0.316458
0.445934
0.204813
0.445304
-0.272097
-0.213003
0.477310
-0.193675
0.214423
-0.010273
-0.269471
-0.473862
-0.313830
0.286835
-0.181781
-0.134079
0.175846
-0.243871
0.423838
0.233325
0.218000
0.458416
-0.141157
-0.234088
-0.107077
0.397674
0.229497
-0.117126
-0.295114
-0.381566
0.268854
0.338516
0.243678
0.344317
-0.104994
0.367199
-0.106541
-0.311912
0.122675
-0.383319
-0.025599
-0.482817
0.187854
0.278900
-0.029314
-0.267039
-0.071544
-0.159523
-0.396998
0.168535
0.410170
0.173947
-0.149337
-0.024399
0.061489
0.379452
-0.177118
-0.093111
-0.162644
0.207552
0.014224
0.005095
-0.167406
0.302369
0.061330
0.354492
0.217087
-0.043575
-0.008437
0.149948
-0.044753
-0.150132
0.332186
0.408876
0.350396
0.102225
0.009058
-0.165323
-0.330176
0.213615
0.085524
-0.309170
-0.130449
-0.130249
0.005244
-0.010281
-0.218440
0.096694
0.281960
0.281340
0.089935
-0.496308
-0.324788
0.023253
-0.096726
0.204932
0.079631
0.184998
0.429499
0.227331
-0.218307
0.315510
0.444392
-0.263667
-0.009106
-0.043330
0.449738
0.107940
-0.246633
-0.283393
0.181549
0.325147
-0.482613
-0.103354
0.444003
-0.333301
0.043945
-0.423036
-0.118924
0.286128
-0.161702
0.383911
0.244139
-0.115463
0.059649
0.014339
0.058192
-0.035634
0.430482
0.341111
0.316176
-0.095790
0.164342
0.196373
0.227819
0.493025
0.044144
0.252671
0.096183
-0.299145
0.217142
0.344519
0.300989
-0.360743
-0.265563
-0.377934
-0.231526
0.143408
0.119414
0.357019
-0.266476
0.283071
0.279091
-0.121316
-0.472850
0.452075
0.139150
0.063134
-0.240466
0.019314
0.142332
0.297599
0.104121
0.113844
0.498428
0.386320
-0.172901
0.026349
0.187636
-0.222125
0.394555
-0.296429
-0.294862
0.300106
0.336297
-0.404517
0.392022
0.252445
0.129558
0.423576
0.388709
0.010758
0.027859
-0.321144
0.189608
0.367365
0.342326
0.400458
-0.472358
0.322287
-0.200713
0.436728
0.486923
0.309833
0.227414
-0.042197
-0.395680
0.457137
-0.406517
-0.022540
-0.348370
0.054462
-0.290014
0.197598
0.461393
0.303906
0.274581
0.242192
0.479732
0.444884
-0.494055
0.208020
-0.487464
0.266225
0.318471
0.034856
0.492780
-0.416842
-0.073055
-0.171180
-0.265262
0.241293
-0.335070
0.348614
0.216190
-0.243486
-0.495741
0.327243
-0.343474
-0.375827
-0.267860
-0.000333
-0.231673
-0.342872
0.366189
-0.036375
0.437318
-0.048978
0.478098
0.437207
0.156095
-0.407058
-0.466239
-0.056903
-0.350876
0.170285
-0.043559
0.497054
0.084206
0.178625
0.291120
0.232292
0.242169
-0.050147
-0.133328
0.080996
0.157882
0.347967
-0.074495
0.255797
-0.242770
0.005290
-0.266869
-0.184273
-0.407428
0.012912
-0.160319
0.248019
-0.029459
-0.052076
0.078358
0.171941
-0.204735
0.218387
-0.110709
0.393279
0.168709
0.175803
0.066045
0.231890
0.029927
-0.372929
-0.485112
-0.155388
0.291885
-0.252671
0.450471
-0.315189
0.499305
0.333299
0.228817
-0.120741
-0.331149
-0.303490
0.455428
-0.062061
0.328261
-0.072820
0.028851
-0.088969
-0.299377
-0.457522
-0.074960
-0.336822
-0.144628
-0.213287
-0.281107
-0.429132
-0.292685
-0.032562
0.086951
-0.014493
-0.280136
0.096169
-0.137982
0.204099
0.470070
-0.363534
0.025703
-0.447774
-0.491208
-0.206786
0.001446
-0.200535
-0.476552
-0.013242
0.351744
0.283314
-0.330872
-0.311615
0.024500
-0.147144
0.465118
-0.163739
-0.481811
0.134242
0.365780
-0.293649
0.332771
-0.140356
0.483298
0.044710
0.274329
-0.179732
0.187942
-0.363170
-0.095658
-0.368620
-0.452660
-0.216231
-0.272171
-0.258410
-0.348990
0.118381
0.253045
-0.252269
0.112401
-0.326193
-0.491434
-0.038410
0.180484
-0.073515
-0.426234
-0.424821
0.107701
0.180100
-0.094245
-0.491786
0.468747
0.193225
0.138892
0.473231
-0.108643
0.295515
-0.284776
0.332748
0.144525
-0.388058
-0.359087
0.381948
-0.447012
0.494787
-0.192689
0.340776
0.156020
0.272539
0.421611
0.105665
-0.024454
-0.477746
-0.049185
0.381926
-0.000113
0.223693
-0.445406
-0.008149
0.000761
0.314624
-0.075260
0.269109
-0.447192
0.486698
0.338161
-0.031826
-0.337987
-0.162690
0.275894
0.103005
-0.303167
-0.299716
0.325250
0.341287
-0.039913
0.464513
-0.352375
0.279062
-0.181361
-0.256065
0.242853
-0.076687
-0.429217
0.328738
0.297111
0.004499
-0.042030
-0.279931
-0.354702
-0.419057
0.199483
-0.239443
0.244062
0.097867
-0.131051
0.392108
-0.405242
0.040080
0.062133
0.135742
0.397561
-0.133484
0.323476
0.107563
0.299128
0.293394
-0.148882
0.092220
0.031297
-0.135397
-0.109382
-0.397068
0.164890
0.248729
0.462632
0.084896
0.197951
-0.107482
0.018674
-0.435977
0.085122
-0.104963
-0.352745
0.266431
0.212942
0.295264
0.250798
0.454427
0.283472
0.126213
-0.015366
-0.461456
0.460016
0.492960
-0.457129
-0.138991
0.171731
0.298790
-0.285269
-0.427915
-0.184661
0.151535
0.096782
-0.013875
-0.416098
0.374367
-0.494246
0.247142
-0.373025
-0.308933
0.353146
-0.435986
0.393315
0.210894
-0.122051
0.350851
-0.006427
-0.425799
0.390509
0.088683
-0.070663
0.128262
0.481506
0.331821
-0.022194
-0.349647
0.428364
-0.499766
0.276199
0.309578
-0.055009
0.478112
-0.020446
-0.472154
-0.151556
0.318190
-0.306611
-0.363939
-0.394296
-0.400964
0.367869
0.342954
-0.066815
0.267511
0.032447
0.300355
0.052732
-0.336057
0.368464
0.246149
-0.032969
0.221135
0.091792
-0.333874
0.316059
0.454035
-0.451898
0.191232
-0.100607
0.497187
-0.454324
-0.417286
0.108851
-0.304064
-0.050551
0.081200
-0.066751
0.185711
0.474358
-0.499709
-0.341871
0.455491
0.312556
-0.312961
0.149963
-0.434036
0.300745
0.495614
0.467769
0.440350
0.407263
-0.103328
0.164865
0.040582
0.446557
-0.331359
-0.451110
0.024053
-0.150718
0.135602
-0.443590
-0.456330
-0.072948
-0.274454
-0.092510
0.029441
0.252490
-0.013067
-0.129815
-0.227455
0.206684
-0.035908
0.199970
0.077598
0.077913
-0.241575
0.289969
-0.118247
-0.213926
0.004536
-0.477933
-0.229009
-0.202969
0.236634
-0.231654
-0.012335
-0.420078
-0.292588
0.364662
0.284116
0.282658
0.256081
0.317030
0.287419
0.345768
-0.075857
-0.060063
0.151951
-0.371583
0.122694
-0.181480
0.424652
0.097350
-0.079030
0.336354
0.484159
0.086439
-0.186139
-0.089398
-0.254547
-0.006326
-0.024795
-0.231152
0.312439
-0.212560
0.338039
-0.361971
0.344537
-0.036711
0.066469
-0.274822
0.456231
-0.060311
0.270761
0.389841
-0.451730
-0.375805
-0.164912
-0.391886
-0.335833
-0.264026
-0.252375
0.454365
-0.109304
-0.113268
0.011103
-0.326625
0.279446
-0.102164
-0.253173
0.391538
0.200122
-0.418665
0.147935
0.119878
0.421090
0.408677
-0.177792
0.486069
0.329163
0.421338
0.125258
0.230387
0.343464
-0.371633
0.025492
-0.121409
0.061885
-0.122584
0.261672
-0.119608
0.313539
-0.214469
-0.393606
0.394503
0.420675
0.410218
-0.197727
-0.128132
0.413271
0.315950
0.003373
-0.427854
-0.436478
0.098052
-0.127737
-0.018418
0.190672
-0.082521
0.332184
-0.461610
0.482222
-0.198922
-0.045511
0.121793
0.405746
0.206441
-0.140723
0.456423
0.041726
-0.116630
0.434119
-0.209568
0.063528
-0.025134
-0.479179
-0.183759
0.449910
-0.359905
-0.484676
-0.079459
0.382495
0.000234
0.381065
0.230906
-0.294828
-0.076895
0.272622
0.358437
-0.103754
0.389894
0.494285
-0.332119
-0.244243
-0.352357
-0.383817
-0.427607
-0.248533
0.218398
-0.458354
-0.069336
0.423825
-0.408577
-0.348732
0.011964
-0.441878
-0.101646
-0.047266
-0.199042
-0.412658
0.292727
0.107604
0.389243
-0.389105
-0.158553
-0.301015
-0.353617
-0.201255
0.247782
0.389669
0.410841
-0.087015
0.447777
-0.093794
0.362015
-0.089196
-0.231056
0.002817
0.017899
0.084973
0.338301
-0.360851
0.294746
0.399192
-0.485065
0.291484
0.237918
-0.307418
0.229801
-0.421704
-0.261668
0.282412
-0.236419
0.039628
-0.124484
-0.272326
0.001378
0.024273
0.064624
0.174251
-0.206490
0.491356
0.094451
-0.299589
-0.447584
-0.380835
-0.369767
0.370806
-0.178146
-0.369699
0.379152
0.498464
-0.247725
0.384648
0.400654
0.212913
-0.117173
0.327165
0.286464
-0.205268
-0.303832
0.487231
0.417710
0.357786
0.135740
0.137552
0.455163
-0.457295
0.128586
0.469693
0.409862
0.263928
-0.443585
-0.415943
0.445057
-0.124663
0.035859
-0.200481
-0.466018
0.267712
-0.277751
0.392529
-0.035354
-0.011272
-0.281180
0.044244
-0.080245
0.342862
-0.257011
-0.384251
-0.314572
0.398520
-0.325791
-0.317314
-0.033193
0.287205
-0.095252
-0.293835
-0.032089
0.095469
-0.182577
-0.467594
-0.218932
-0.241265
0.413909
0.404775
-0.430870
-0.104112
0.220672
-0.099778
-0.356387
-0.367767
-0.316519
0.058890
0.146029
-0.385862
0.401812
-0.342631
0.243743
-0.167304
-0.128847
-0.298752
0.491113
-0.288858
0.377709
-0.109761
-0.279486
0.152518
-0.091008
0.146144
-0.287475
0.364504
-0.415548
0.002472
-0.020467
-0.316991
-0.322471
0.490190
0.151837
-0.420248
0.399900
-0.398162
-0.367731
0.168148
-0.325430
-0.279063
0.081890
-0.194113
-0.373962
0.419483
-0.397014
0.370295
0.367163
0.180138
-0.335454
0.394847
0.312174
0.213765
0.134960
0.162220
-0.256070
-0.262488
-0.354430
0.189664
-0.491267
-0.022997
0.049985
0.425321
0.306881
0.346927
-0.474610
0.181650
-0.402986
-0.243229
-0.093343
-0.151053
-0.314328
-0.083641
0.095250
-0.447814
-0.047646
-0.078975
-0.429772
-0.471466
-0.040080
0.400369
0.281677
0.161788
0.139777
0.447195
-0.013296
0.468694
0.062678
-0.099869
0.492619
0.119959
-0.399164
0.398094
0.499130
0.226570
0.367064
0.419715
-0.263509
0.128035
0.206908
-0.479458
0.168100
0.091456
0.419075
-0.179440
0.026957
-0.036057
-0.170373
-0.301090
-0.057717
-0.207129
-0.494338
-0.152669
-0.265395
-0.476883
0.138407
0.063762
-0.488581
-0.040966
-0.280836
0.086904
0.136846
-0.097965
-0.352597
0.210658
-0.393939
0.088917
0.089798
0.036680
0.264113
0.305000
0.298865
-0.162783
0.372692
0.241334
-0.100946
-0.408710
0.480092
0.286181
-0.111540
0.067864
0.400450
-0.466050
-0.098680
0.380091
0.115664
-0.226437
-0.283077
-0.057723
0.246010
0.010330
0.048894
-0.123087
0.410493
-0.239578
0.348237
-0.423948
0.388303
-0.281138
0.277794
-0.154570
0.473395
-0.466640
-0.265212
-0.121774
-0.292883
-0.486544
0.081409
0.152145
-0.110181
0.399748
0.440263
-0.466639
-0.151062
0.165499
-0.037062
0.035601
0.140414
-0.063503
0.149909
0.141899
-0.433619
0.409262
-0.405315
-0.312043
0.438774
-0.434359
-0.267614
-0.197797
-0.200516
-0.099180
-0.373301
-0.369877
0.235401
0.211532
-0.083443
0.317194
0.101508
-0.167990
0.069415
-0.267082
0.361838
0.485398
-0.364975
0.043138
-0.316064
-0.461823
-0.050719
-0.205848
0.426017
-0.041721
0.160233
-0.165488
0.216527
-0.499474
0.426855
0.303319
-0.177721
0.149470
-0.167193
0.461339
0.257180
-0.061965
-0.195370
0.102486
0.046050
-0.147918
-0.385560
-0.429114
0.013752
0.326109
-0.286871
-0.314285
-0.457284
-0.028766
-0.205162
-0.381926
-0.476835
-0.085188
-0.249374
0.469475
-0.203138
-0.040572
-0.143374
0.004770
0.450176
0.063988
0.454628
0.466570
0.471946
-0.249381
0.467378
-0.208528
-0.090054
-0.068753
-0.194876
-0.493366
0.160450
-0.132266
0.198928
-0.073531
0.015723
0.033319
-0.083775
0.344079
0.390594
0.356821
0.408053
-0.493730
0.130248
0.355083
-0.012717
-0.222775
0.134487
0.348830
-0.483499
0.285610
0.064767
0.142542
-0.243446
-0.121350
-0.286301
0.124065
-0.170481
-0.053500
0.362211
-0.181158
-0.463008
0.413242
0.170760
-0.043518
-0.468379
-0.027031
-0.068347
0.440569
-0.232744
-0.139886
-0.221219
-0.142206
-0.188815
0.228386
0.434132
-0.494046
0.475833
-0.478610
-0.233378
0.314768
0.379888
-0.343591
-0.253296
0.349924
0.279465
-0.381065
0.221508
0.274743
-0.338814
-0.103389
0.391219
-0.296635
-0.495402
0.025135
0.119551
0.079112
0.011232
0.390124
0.000805
-0.461613
-0.163991
0.450418
-0.194265
0.132455
-0.182440
0.405033
-0.311345
0.429899
0.409062
-0.172633
-0.494462
-0.435515
0.263183
0.426773
-0.376036
-0.237147
-0.151665
0.266367
0.207964
-0.243686
-0.272539
-0.076116
0.185970
0.265196
-0.182353
-0.398795
-0.044950
-0.121686
0.145024
-0.379850
-0.413055
0.011310
0.111330
0.299539
0.330886
-0.146836
0.232817
-0.167647
0.177900
-0.019657
0.458941
-0.491445
0.190120
0.122227
-0.255428
0.114283
0.465250
-0.462630
0.329495
0.218557
-0.315536
-0.234306
-0.351370
0.494440
-0.458085
0.229743
-0.308706
0.463614
-0.456636
-0.345845
0.457156
0.280916
-0.047684
0.236360
0.115996
-0.225331
-0.428569
0.316666
-0.174144
0.326145
-0.110371
0.169836
0.460704
-0.306346
0.027694
-0.068240
0.234387
0.404231
-0.041559
0.024897
0.145703
0.432313
-0.245126
0.286594
-0.083102
-0.267124
-0.408011
-0.440585
-0.430366
-0.172923
-0.066985
-0.400485
0.479394
-0.018582
-0.271919
0.246516
0.153346
-0.187110
0.403739
-0.144079
0.398237
0.174708
-0.428863
-0.106125
0.179416
0.319308
-0.282679
-0.204232
-0.261572
-0.140569
-0.041338
-0.479737
0.402807
0.374722
-0.152591
-0.475994
-0.174592
0.390355
0.288414
-0.344157
-0.273833
-0.094713
-0.402816
-0.256998
0.422816
-0.470792
0.465858
0.451664
0.159589
-0.319083
-0.089577
0.238984
-0.328786
0.305680
0.331608
0.423650
-0.331148
0.327544
0.274992
0.305005
0.180759
0.075789
-0.264347
0.274227
-0.054001
-0.337622
0.427628
0.322740
-0.029125
0.015239
-0.394215
-0.311256
-0.096076
0.332237
-0.185600
0.011148
0.405737
-0.146478
-0.138833
-0.115498
0.018106
0.143240
-0.474542
-0.165019
-0.266105
-0.201224
0.268180
-0.087123
-0.065568
0.144545
-0.209917
-0.416293
0.055935
-0.032135
0.437574
-0.458463
0.093363
0.438716
0.292585
0.137869
0.196811
0.276278
0.193947
-0.161518
0.348858
0.038311
0.328748
-0.141939
-0.353108
0.015935
0.136090
0.450751
-0.196771
-0.270747
0.273142
0.181317
0.024351
-0.301983
-0.209150
0.298769
-0.339517
0.462727
0.163078
-0.340136
-0.282424
0.049277
-0.078864
0.149819
-0.278857
0.408565
0.355844
-0.192819
-0.168596
0.499031
0.012844
0.248619
-0.309830
0.490491
0.426800
-0.283759
0.186006
0.088501
0.022856
-0.320971
0.462507
-0.087202
-0.423788
-0.268749
-0.119064
0.243846
0.266755
0.139479
-0.057813
-0.072564
-0.379085
-0.145125
0.077842
0.026908
-0.195542
-0.043835
0.443209
0.160121
-0.462604
0.382793
-0.366210
0.006160
0.426288
-0.011739
-0.415688
0.412356
-0.367737
-0.288159
-0.425550
0.035187
-0.070811
-0.337093
-0.322739
0.354465
0.222716
-0.353257
-0.288044
-0.013775
0.430771
-0.059622
-0.319243
0.006427
0.029321
-0.277919
0.236089
-0.022668
0.253303
-0.242231
0.271203
-0.060829
-0.354665
0.101403
0.229237
-0.238650
-0.115986
0.160365
-0.297205
-0.350856
-0.129263
-0.118310
0.134074
-0.008740
0.008601
-0.192874
-0.080117
-0.145772
0.066561
0.446297
-0.089165
-0.485124
-0.007161
0.465582
-0.379548
0.032470
0.335485
-0.174685
-0.275382
0.091717
-0.462865
0.488511
0.429033
-0.314814
-0.057614
-0.033190
0.480619
0.034058
-0.420062
-0.392833
0.097740
0.183680
0.455601
0.058548
-0.001305
-0.272183
-0.045352
0.086296
0.117860
-0.102548
0.437624
-0.001006
-0.040536
-0.001957
-0.346883
-0.135965
-0.299251
-0.045851
0.486948
0.066256
-0.351854
0.406704
0.093436
0.157944
-0.082297
-0.241716
-0.357647
0.458028
-0.389913
0.474969
-0.256571
0.234825
0.087619
-0.208468
0.149593
0.286126
-0.488894
-0.206352
0.068574
0.341561
-0.225833
-0.418182
0.191094
-0.406333
-0.406599
0.176690
0.457945
-0.254993
-0.205528
-0.359472
0.430747
0.229480
-0.286658
0.039731
-0.250217
0.415611
0.484608
0.284517
0.099212
0.269329
-0.033936
-0.248442
-0.165825
0.335331
0.151095
-0.341578
-0.095342
-0.086170
-0.446479
-0.482046
0.277278
0.204858
-0.172058
0.135111
-0.202325
-0.366898
-0.211959
0.251074
0.045024
0.027571
0.059581
0.355137
0.431209
0.374591
0.457684
0.456536
-0.371208
-0.062029
0.464123
0.401732
-0.377455
-0.206284
0.453930
-0.106710
-0.013610
-0.097444
0.179722
0.415923
-0.446483
-0.278084
0.401721
0.008103
-0.320526
-0.197482
-0.426677
0.292560
-0.476425
-0.469215
0.331521
-0.206029
-0.032178
-0.231658
-0.036380
0.069459
-0.411544
0.194126
0.141955
0.325555
0.335935
-0.491898
0.425931
0.051600
-0.198617
-0.270683
-0.210168
-0.173681
0.151818
0.034513
0.380667
0.169842
0.444529
0.249885
-0.411448
-0.270934
-0.232367
-0.208875
0.136067
0.118224
-0.020317
0.234071
-0.096524
0.320746
-0.301680
-0.156911
-0.259499
-0.232110
-0.348304
0.106809
-0.456732
0.462225
0.383104
0.090462
-0.098990
-0.002983
0.234262
-0.120716
0.236238
0.028640
-0.499866
0.324022
0.495238
-0.124724
-0.390655
0.107957
0.394154
0.387000
-0.342745
0.457681
0.497878
-0.107867
-0.104234
-0.095941
-0.019463
-0.065977
0.264504
0.030651
0.006668
0.356624
0.440113
-0.130638
-0.115301
0.047957
-0.160269
0.163471
-0.040939
0.420836
0.483912
-0.384546
0.430197
0.233985
0.202387
-0.418179
-0.329767
-0.251388
0.189292
0.379246
0.436855
-0.487910
0.142847
-0.456651
-0.143828
0.319473
-0.186451
-0.311500
0.333545
0.471825
0.411447
-0.411722
0.430270
0.322720
-0.249980
0.311961
-0.172173
0.475933
0.089021
-0.182927
-0.243603
-0.211775
0.233287
0.445342
-0.012978
-0.267434
-0.374271
-0.027361
0.154133
0.211163
-0.147153
0.076872
0.009771
0.404664
0.470392
-0.207748
0.173865
0.293055
-0.003415
0.137904
-0.485457
0.044402
0.259921
0.168961
0.291489
-0.306246
-0.468258
-0.254415
0.232450
-0.316505
-0.463351
0.114029
-0.052847
0.142873
0.046363
0.288336
-0.464472
-0.030236
0.063046
0.169491
0.375822
-0.264647
0.233495
-0.161682
0.221448
-0.216145
0.167889
0.188503
-0.347286
-0.389834
0.075704
-0.091963
-0.123186
0.304518
0.022530
-0.029860
-0.447986
0.109496
-0.291618
-0.400618
0.188218
0.093346
0.363603
0.407043
-0.172928
0.288088
0.417908
0.301333
0.399334
-0.046436
0.364898
0.347120
-0.168770
0.275343
-0.393332
0.431551
-0.409888
-0.281049
-0.021187
0.249368
0.205500
-0.010259
-0.074315
0.253471
0.399697
-0.460604
-0.493044
-0.333722
0.049303
-0.092812
0.097311
0.215752
0.070021
-0.341551
-0.489368
0.375550
0.058593
-0.039980
0.339327
-0.016134
0.402250
0.401926
0.470728
-0.445515
-0.428899
0.439311
0.371416
0.010679
0.135496
-0.213423
0.148734
-0.497096
-0.225472
0.351265
0.111915
0.154020
-0.462368
-0.090393
0.051088
0.314115
0.184072
-0.483056
0.191114
-0.018960
0.019143
0.087716
0.141942
-0.453864
-0.467871
0.278527
-0.121961
-0.023574
0.147229
0.186634
0.389427
-0.149465
0.481799
-0.063374
-0.153739
-0.460044
0.038573
0.026716
0.261194
-0.351787
0.331378
-0.169845
-0.374012
-0.492871
0.356581
0.148286
0.243681
-0.404434
0.333065
-0.200298
0.076534
0.492816
0.368782
0.351940
0.161595
-0.252442
-0.065532
-0.190995
-0.349094
-0.059768
-0.212821
0.127827
-0.013907
0.338234
0.189357
0.197597
0.044043
-0.213115
-0.140061
-0.151215
0.298728
-0.393154
0.314836
-0.099432
-0.045061
0.456948
0.323722
-0.313870
-0.410867
-0.163151
0.263472
0.123592
0.010469
-0.491653
0.444801
-0.012126
0.069653
0.006283
0.164862
0.156863
-0.476339
0.161980
-0.396157
-0.342974
0.156662
0.420362
0.454429
0.121298
-0.150341
-0.478135
-0.344552
0.450113
-0.329905
0.413671
0.266481
-0.322564
-0.188338
-0.265118
-0.276782
0.016106
0.460184
-0.245487
-0.161127
0.383668
-0.185821
0.040539
-0.275367
0.488600
-0.333187
-0.326970
-0.445160
0.381031
-0.107554
-0.111653
0.491927
0.356790
-0.436697
-0.453366
0.356679
0.261211
0.240742
0.069569
-0.447596
0.162999
0.343921
-0.486387
0.178611
-0.381579
0.333700
0.275253
-0.406724
-0.382993
0.293696
0.333593
-0.197115
0.221051
0.131253
-0.207904
-0.226740
-0.457694
0.413295
0.346660
-0.006702
0.092772
0.184380
-0.032645
0.368788
0.030275
0.295268
-0.162447
-0.360479
-0.205313
-0.174297
0.470266
-0.130879
-0.126698
-0.180026
0.496571
-0.443108
0.054064
0.253101
0.067819
-0.430931
0.363203
0.184475
0.296945
0.073511
-0.288153
-0.487512
-0.039288
0.123010
0.203499
-0.191612
0.043036
-0.002525
-0.288246
-0.151406
-0.041602
-0.098657
-0.484332
0.077008
0.044091
0.146860
0.287695
-0.184879
-0.252812
0.151920
0.438177
0.016467
-0.050465
-0.366538
-0.147247
0.433310
-0.136584
-0.425085
-0.227296
-0.434636
0.315740
-0.199691
-0.003811
0.359816
-0.366533
-0.251723
0.210475
-0.331756
-0.257550
-0.421180
-0.273925
0.135315
0.451725
0.294713
0.014323
0.092968
0.110601
0.002780
-0.358252
-0.115533
-0.061921
0.314369
-0.455290
0.071684
0.079578
-0.096779
0.068173
-0.017316
0.160305
-0.218961
0.405914
0.089903
-0.386292
-0.341314
0.142811
-0.200166
-0.022287
-0.300500
0.086760
0.387122
0.085495
0.126397
-0.455061
0.212907
-0.380412
-0.468615
0.440241
-0.351521
-0.187022
-0.199082
0.189887
-0.416360
-0.129036
0.489811
-0.171632
-0.407053
-0.100943
-0.319628
0.419474
0.364753
-0.131829
-0.419625
0.413514
0.348529
0.041931
0.147833
0.018398
-0.016762
-0.390269
0.421634
-0.211847
-0.052927
0.105166
-0.375079
-0.421525
0.174818
0.042451
-0.147758
0.082670
-0.014430
0.266471
-0.060963
0.271238
-0.294744
-0.468117
-0.009355
0.126127
-0.226954
-0.060540
-0.378425
0.417327
-0.102077
0.096484
-0.433280
0.324374
0.165323
0.020181
0.291897
0.332638
-0.263677
-0.422732
0.129725
0.383195
0.482107
0.143840
0.160295
0.080645
-0.447126
-0.047836
-0.382009
-0.287464
-0.024764
0.213354
-0.168849
-0.052967
-0.241333
0.244120
0.407631
0.049634
-0.437680
-0.264227
0.267723
0.481369
0.321500
-0.209329
-0.347694
0.343983
-0.244406
0.031614
-0.282450
-0.497592
-0.247484
-0.415375
-0.414672
-0.087578
-0.192841
0.123392
-0.253573
0.224588
0.208538
0.388128
-0.246335
-0.188017
0.061488
-0.263342
-0.079789
0.031540
0.326555
0.224817
0.365949
-0.260165
0.271457
-0.265864
-0.464886
0.265517
-0.287089
-0.329272
0.237046
0.211119
-0.175929
-0.031605
0.043229
0.477374
0.124917
-0.187930
-0.304726
-0.363181
0.189926
-0.081744
-0.067027
0.104741
-0.411573
0.326295
0.312407
0.226054
0.492910
0.442173
0.479876
0.304419
-0.237207
-0.073827
-0.300542
-0.155186
-0.302200
0.406025
0.178457
0.053843
-0.422196
-0.190156
-0.209902
0.186240
0.193562
0.316120
-0.175696
-0.301459
-0.432559
0.475346
-0.058241
0.341484
0.411256
-0.149759
-0.311517
-0.413387
-0.407838
-0.220205
-0.166685
-0.110193
-0.236952
-0.211510
-0.005057
-0.233600
-0.077322
-0.303178
-0.093315
0.249747
-0.291555
-0.123129
-0.294309
-0.167647
0.269227
0.223078
0.299879
-0.379382
0.458484
-0.184473
-0.191275
0.234473
0.478243
-0.403569
-0.080440
0.400794
0.115625
0.477913
-0.079489
0.056117
0.249391
0.007074
-0.222036
0.166463
0.268311
0.498022
-0.273117
-0.016544
0.110622
-0.437293
-0.238009
-0.466848
-0.455435
-0.304953
0.439320
-0.152056
0.309132
0.192435
-0.035525
-0.207746
-0.082914
0.301505
-0.488517
0.303478
-0.068743
0.471407
0.318399
0.098431
0.435576
-0.241568
0.091538
0.040122
0.197726
0.102829
0.088636
-0.163337
-0.352495
-0.289466
0.146712
0.229538
0.329318
-0.174695
-0.221202
0.412719
-0.088914
-0.392692
-0.197682
0.133634
-0.226275
-0.290441
-0.147745
0.393152
0.166585
-0.440631
-0.310046
0.181463
0.205034
0.208360
-0.141400
0.355865
-0.214303
-0.452368
0.313847
-0.209462
0.032693
-0.296743
0.112946
-0.030717
0.274181
0.245176
0.134948
-0.484705
0.116506
-0.097633
-0.449884
0.270621
0.344821
0.038480
0.345466
0.349810
0.020839
0.099201
-0.256639
0.005883
-0.019643
-0.206592
0.335514
-0.338296
0.174192
-0.049298
-0.456440
0.041833
-0.441873
0.498206
-0.173503
0.178968
0.483536
-0.353655
0.183670
-0.224886
0.255217
-0.104966
0.063126
-0.173896
0.139672
0.233315
-0.078034
-0.258153
-0.483781
0.394281
-0.100112
-0.354021
-0.202894
0.385333
0.401223
0.307492
-0.005188
-0.483655
0.077493
0.443536
0.471845
0.283778
0.006687
0.425432
0.208904
0.197439
0.052913
0.468989
0.371865
-0.220180
0.149442
-0.334477
-0.476769
0.344270
-0.007148
0.147211
-0.491952
-0.097442
0.204970
0.078254
0.243063
0.152309
0.207699
0.033567
0.169151
0.193291
-0.384998
0.361336
0.180880
0.138062
-0.342033
0.260951
-0.029967
0.056857
-0.109465
0.328632
0.187031
0.314754
0.219080
0.470533
-0.006494
-0.499575
-0.126537
-0.232693
-0.348274
0.146164
-0.422060
-0.390635
0.478088
-0.449427
-0.198097
-0.174405
-0.097085
-0.173632
0.356716
0.277507
-0.225382
-0.139505
0.078077
-0.276600
0.325968
0.136694
0.012531
0.119224
0.389515
0.360219
0.359092
0.375686
0.043454
-0.205982
-0.414951
-0.259912
-0.292867
-0.413960
-0.298665
-0.153552
-0.091494
-0.175406
-0.209029
0.471052
0.151466
0.158795
-0.182633
0.154137
-0.398915
-0.157139
-0.248043
-0.470489
0.202771
0.423106
0.298032
-0.172465
0.031843
-0.332148
-0.241632
-0.499797
-0.343833
-0.409543
0.197639
-0.086027
-0.232679
-0.159673
-0.239111
0.096532
-0.394762
0.049675
0.079419
0.143951
0.443814
0.304897
0.126141
-0.380868
0.070577
-0.183366
-0.155468
-0.472457
-0.348563
-0.464128
-0.346847
-0.012604
0.487725
-0.040788
-0.425592
-0.011054
0.260209
-0.016122
-0.450561
0.017266
0.463221
-0.390455
0.407282
-0.446641
0.283441
-0.434397
0.234833
-0.160366
0.409206
0.036027
-0.190839
0.125309
0.118770
0.442449
-0.023433
0.183764
-0.108892
0.445643
-0.168551
-0.423321
0.381054
0.044773
0.195731
-0.373568
0.431206
0.285631
-0.061096
-0.480904
0.185743
0.346209
0.409438
0.473086
0.229820
0.031739
-0.120844
-0.041656
0.413436
-0.487530
0.434755
-0.424131
0.484269
0.409396
-0.054201
-0.392091
-0.338061
-0.484750
0.333429
-0.344170
0.438266
-0.200231
0.142407
0.380406
-0.087728
0.417122
-0.325929
-0.339262
-0.353435
-0.083934
0.162268
-0.467214
-0.431736
0.300678
-0.241693
0.376547
0.429458
0.348705
0.018408
-0.281721
-0.350165
0.127845
0.369029
-0.165469
0.089800
-0.483040
0.398497
0.092107
0.095531
0.177850
-0.246604
-0.089726
0.478378
0.048915
0.480263
0.027459
0.136546
0.145212
0.062695
-0.270857
0.035423
0.426127
-0.126652
0.298508
-0.226261
-0.342485
-0.498651
0.251827
0.125988
0.354992
-0.132484
0.220461
0.380740
-0.453327
-0.164018
0.086419
-0.221597
0.281874
-0.180836
0.273995
0.496455
0.441691
0.456761
-0.206784
-0.087492
0.343562
0.002186
0.081648
0.147814
0.080175
-0.171469
0.461442
0.481731
0.410958
0.383402
-0.377287
-0.107583
-0.297016
0.120430
0.423864
-0.293151
0.252856
0.429020
0.199091
0.031114
-0.118944
-0.438206
0.235526
0.173139
-0.135942
-0.287927
0.149688
-0.057699
0.177221
-0.399680
-0.315262
-0.076803
-0.383821
0.215868
0.087046
0.111114
-0.385149
0.235001
0.361723
0.311644
-0.210613
-0.019698
0.167592
0.320656
-0.143766
0.109284
0.076059
0.423722
0.212290
-0.317537
0.213119
0.142069
0.202563
0.326309
0.158891
0.016323
-0.012994
0.260507
0.480394
-0.251908
-0.211996
0.018847
0.382222
0.053766
-0.464094
0.192662
0.249487
0.362308
0.411880
0.246657
-0.074441
0.123253
-0.272964
-0.181655
-0.153461
0.183826
0.445883
-0.117379
0.447311
-0.089757
-0.340118
-0.349322
0.073464
-0.302021
0.123951
0.390400
0.489713
0.035014
0.044973
0.037496
-0.024883
-0.015724
-0.132955
0.133092
-0.447255
-0.299856
-0.464830
-0.147430
0.343303
-0.046856
-0.031968
-0.161615
-0.124116
-0.228915
0.324942
-0.443245
0.475620
-0.319707
-0.341647
0.281006
-0.192583
-0.297342
0.420886
0.197867
0.133411
0.333490
-0.230651
0.127651
0.285782
-0.249274
-0.066115
0.363786
0.159023
0.265559
0.068946
0.264980
0.382376
0.052620
-0.293816
0.364321
-0.337699
-0.099791
-0.303345
0.410075
0.366581
-0.298832
0.298604
-0.028202
0.105163
0.492419
0.200828
-0.363054
0.041013
0.063881
0.141238
-0.318507
0.179655
0.221899
-0.325391
-0.378780
0.035519
0.414695
-0.171778
0.074894
0.190870
-0.018655
-0.282452
0.283565
-0.363116
-0.448343
-0.026355
-0.139520
-0.209872
0.089461
0.181131
-0.254900
-0.440056
-0.338212
0.316428
-0.270977
-0.205202
-0.325840
-0.331496
-0.400957
-0.088409
-0.219662
0.327872
0.210349
0.394417
0.009481
-0.468373
-0.392947
-0.168391
-0.133358
0.269394
-0.065052
-0.333113
-0.184547
0.249072
0.186115
0.240148
0.322425
-0.246339
0.077897
0.149060
0.103644
0.275126
-0.463523
0.172821
-0.243253
0.464373
-0.003085
0.239782
0.439645
-0.352590
0.006191
-0.007379
-0.462092
-0.276381
-0.049381
0.158567
-0.297318
-0.332956
0.264946
0.082532
0.130639
-0.180053
-0.123303
0.239713
0.077505
-0.152999
-0.350741
-0.012537
-0.283189
0.164481
-0.056833
-0.173889
0.440081
0.413016
-0.048837
-0.481252
-0.450254
-0.412877
-0.226634
0.083692
0.467274
-0.119995
0.376458
-0.493163
-0.201777
0.063334
-0.365564
0.383794
-0.055409
-0.367468
-0.453519
0.131949
-0.456186
0.264674
-0.013019
0.021425
-0.276017
-0.371432
-0.066600
-0.158886
-0.236352
-0.428191
-0.159804
-0.339149
-0.461698
0.299186
-0.484768
0.018151
0.064903
0.148852
0.203051
0.021929
0.403217
-0.000181
-0.363167
0.265836
0.306139
-0.247007
-0.150459
-0.157902
0.357388
0.128216
-0.100725
0.218532
-0.409752
-0.265315
-0.242380
0.031587
0.425591
0.343323
0.248634
0.020214
0.347251
-0.358079
0.375524
0.182650
0.212490
0.303345
-0.442527
-0.191361
0.309964
0.227876
0.031823
0.187465
-0.204598
0.080443
-0.162536
-0.496383
-0.375717
0.020819
0.023558
0.013836
0.270159
-0.457788
-0.372152
0.462481
0.106202
-0.006466
0.177590
-0.204162
-0.190730
0.002021
-0.209137
0.334028
0.442899
-0.411965
0.004551
0.492951
-0.093176
-0.487832
-0.343861
-0.200189
0.032021
0.146385
-0.332946
-0.481319
0.297847
0.060306
0.219413
-0.402693
0.245870
0.010602
0.219610
0.481659
0.082781
0.400567
0.068191
0.027482
-0.322508
0.270936
-0.464400
0.104964
-0.152090
0.336475
-0.087274
-0.137030
-0.065984
-0.489877
-0.231063
0.369858
0.078784
-0.005486
-0.388720
0.140253
0.300692
-0.042679
0.235558
0.437845
0.196586
-0.238462
0.301502
-0.042858
-0.408027
0.434541
-0.399588
0.177231
-0.414192
0.217291
-0.276940
-0.074610
-0.009144
-0.285702
0.318388
-0.203997
0.068067
0.155895
0.446758
0.306505
-0.040167
0.082182
0.082197
-0.229270
0.351509
0.063166
0.134815
-0.243228
0.061379
-0.440251
0.404059
-0.319292
0.080975
0.379313
0.449230
-0.319809
0.060191
0.347914
-0.303817
0.413634
-0.373198
-0.168951
-0.006234
0.165893
0.417035
-0.392070
0.206576
-0.493341
-0.060480
-0.488808
-0.087604
0.035271
0.073528
0.087330
0.322931
-0.410244
-0.064554
0.310814
0.209877
0.495051
-0.368332
0.092243
-0.148389
-0.035480
-0.146623
-0.258929
-0.339133
0.314572
0.336807
0.403193
0.075860
-0.225957
-0.263879
0.305518
-0.420737
0.257572
-0.040355
0.382202
-0.374406
0.235425
-0.112386
-0.287173
-0.191084
-0.065243
0.214201
-0.295549
0.331310
0.481477
0.373081
-0.447400
-0.045410
0.092965
0.410906
-0.331775
0.272105
0.436928
-0.214984
-0.044297
-0.154467
0.179745
-0.350765
-0.344540
0.140670
-0.485515
-0.063525
-0.080351
-0.285807
-0.250009
-0.418085
-0.432773
-0.289396
0.480519
0.155407
0.073109
0.375460
0.318427
-0.419169
0.194151
-0.087267
-0.046177
0.467238
-0.002876
0.124252
0.198435
-0.271623
-0.327614
0.002916
0.013141
-0.162052
0.351260
-0.389593
-0.214448
-0.158983
-0.132701
0.181050
-0.374395
-0.068210
-0.191066
0.215810
0.236353
0.437213
0.054915
0.142635
-0.368247
0.191811
0.470882
0.218222
0.321820
-0.021753
-0.464072
0.334886
0.095764
-0.477669
0.170287
0.277530
0.393905
0.236933
-0.140131
-0.033041
-0.148906
0.311710
0.482614
-0.309899
0.252113
-0.180251
-0.046603
0.246191
0.138165
-0.456228
-0.027939
-0.140626
0.195194
-0.058411
0.391754
-0.190463
-0.048961
-0.081914
-0.249385
-0.498704
0.413765
-0.495585
-0.107762
-0.175578
-0.440756
-0.133187
0.378773
0.388632
0.202392
-0.074215
-0.161426
-0.167337
0.474796
-0.321820
0.307403
-0.309463
-0.200780
0.185021
0.310738
0.394057
0.141908
-0.331739
0.041998
0.430372
0.221526
0.285343
0.456527
-0.492159
0.210162
-0.154558
0.174083
-0.150723
-0.054161
0.068932
-0.485249
0.262941
0.079398
-0.306779
0.495700
-0.437300
-0.071315
0.055192
-0.412988
0.381171
-0.244129
-0.179722
-0.141787
0.293455
-0.243362
-0.247057
-0.184332
-0.035147
0.016954
-0.270131
-0.321607
-0.277591
-0.393271
-0.382752
0.339561
-0.416366
0.077838
0.097513
0.347064
-0.018939
-0.403561
-0.030883
-0.004584
0.132981
-0.460085
-0.216068
0.258142
-0.369909
-0.199174
0.151746
0.452354
0.388072
-0.082012
-0.480916
-0.479592
0.302911
-0.018012
-0.236378
0.461997
-0.103267
0.388180
-0.043355
0.201203
-0.400056
0.334116
0.203474
0.311618
-0.259472
-0.039020
0.132093
-0.332862
0.268535
0.017431
0.263028
0.353617
0.092241
-0.225201
0.371941
-0.243271
0.334742
-0.409428
0.297714
0.360062
0.489371
-0.252849
0.300317
-0.364669
-0.342743
0.204887
-0.263259
0.490438
-0.431771
-0.206874
-0.049637
0.239603
0.199885
-0.328455
-0.486938
0.027829
-0.415789
-0.139942
0.359152
0.176654
-0.043586
0.090997
-0.476964
-0.337712
-0.387213
-0.196596
0.166389
0.208793
0.403165
0.335739
0.279137
-0.170891
-0.186803
0.085472
0.023570
0.328937
0.097152
0.073524
-0.496592
-0.090029
0.077067
-0.252638
0.195896
-0.018725
0.295313
-0.071920
-0.211375
0.026251
0.305393
-0.205819
0.264947
-0.258008
0.058353
0.078778
0.498101
-0.285740
-0.195679
0.228729
-0.311162
0.279537
0.417189
-0.336116
0.254227
0.215730
0.419784
-0.490281
0.334212
0.340619
-0.296944
0.145031
0.468349
0.184685
0.155361
0.211670
-0.327283
-0.494149
-0.116639
-0.011836
-0.162749
-0.463595
0.346323
-0.439446
-0.067582
-0.188243
0.440433
-0.451825
0.332298
0.001744
0.227592
-0.256939
-0.272039
-0.071314
-0.140309
0.061612
0.088983
0.285062
0.121055
-0.143781
0.055044
-0.156274
0.314987
0.406829
0.341312
-0.255920
-0.380135
-0.409597
0.006153
-0.341512
-0.279044
-0.129738
0.042992
0.111081
-0.180520
-0.127465
-0.407615
0.114788
-0.301267
-0.202219
0.026773
-0.316556
-0.110907
0.312146
0.021592
-0.056802
0.157188
-0.237160
0.336138
-0.434883
-0.134819
-0.117840
0.207092
0.433838
-0.143025
0.244638
0.447294
0.439291
-0.231605
0.401853
0.172642
0.240895
0.234770
0.439628
-0.191479
0.216125
-0.127260
0.469438
-0.315114
0.019038
-0.176225
0.297094
0.014164
0.177853
-0.005525
-0.438270
-0.078094
-0.413998
-0.488218
0.028330
-0.011653
0.319102
-0.226197
0.220955
-0.158925
-0.038151
-0.118751
0.276089
-0.440090
-0.095156
-0.094849
-0.229119
0.116407
-0.497068
-0.402874
0.092188
-0.362309
0.006380
-0.191763
-0.093442
-0.353907
-0.114993
-0.267906
-0.030953
-0.312020
0.097885
-0.467266
-0.135314
-0.280592
0.294337
0.296589
0.081096
0.232740
-0.256445
0.016826
0.357936
0.210696
0.077302
-0.131083
0.113948
0.174028
0.030405
0.281278
-0.466141
0.373314
0.487615
0.408730
0.379989
-0.467250
0.292498
0.320380
-0.261497
0.264254
0.480981
-0.139541
-0.370286
-0.437018
-0.496634
-0.058420
0.129088
0.429115
-0.024165
0.248774
0.151795
0.071894
-0.203979
-0.293451
0.270419
-0.265897
0.354651
-0.357261
0.037152
0.485848
0.077857
0.066216
-0.358791
-0.251689
-0.045627
0.334693
0.260497
0.188960
-0.082461
0.429541
0.251462
-0.444941
-0.197145
0.285300
0.182535
0.388671
-0.443535
-0.251239
0.107763
0.478828
0.066569
0.392799
-0.432399
0.050474
0.434100
0.166933
0.135426
-0.394118
-0.089960
-0.350661
-0.051425
-0.400761
0.469273
-0.236610
0.026639
0.457617
0.396128
0.325451
-0.402833
-0.474995
0.156792
0.416283
0.084551
-0.028781
0.379310
-0.130067
0.489941
-0.453244
0.289624
0.097230
0.195199
0.017425
-0.214268
-0.419522
-0.284606
-0.287430
0.471368
0.080844
-0.445485
0.391714
-0.058564
-0.069876
0.054475
-0.221747
0.342015
-0.278657
-0.279061
0.013392
0.281898
0.379284
0.204984
0.140782
-0.345814
0.340939
0.325684
-0.332246
0.360827
-0.254225
-0.421337
-0.471797
-0.032951
0.377449
0.103296
0.011203
-0.134609
-0.206967
-0.417828
-0.258822
0.057091
0.474617
-0.316251
-0.339822
0.224557
-0.466426
-0.174754
0.259192
0.013105
0.422125
-0.312414
0.364449
-0.071078
0.428134
-0.419994
0.018257
0.100798
-0.047926
-0.453254
-0.349784
0.397549
-0.332848
-0.282868
0.415097
0.139524
-0.381174
0.086901
-0.464471
-0.196466
0.262652
-0.107634
-0.130490
-0.287166
0.387215
0.315133
0.495595
-0.135575
-0.128592
0.081454
0.466784
-0.497065
0.363853
0.134090
0.450662
-0.250577
0.001780
-0.009386
-0.033295
-0.424971
-0.400582
0.222513
0.211153
0.422849
0.255386
0.175416
0.425605
0.339053
-0.343430
-0.362376
0.289332
-0.150655
-0.177170
-0.197164
0.031983
0.090468
-0.152231
-0.042085
0.338383
-0.006781
0.055476
0.122698
0.374188
0.289144
0.181030
0.221297
0.107214
0.103878
0.230006
0.254921
0.411212
0.419492
-0.354164
-0.341504
0.470628
-0.018674
0.316920
0.262286
-0.277747
-0.400071
0.343033
0.407445
-0.215246
-0.412372
0.400751
-0.451169
0.474043
-0.009351
0.014783
-0.164247
-0.126726
0.393305
-0.112605
-0.346145
0.263154
0.267300
0.161613
-0.180384
0.020669
0.279172
-0.090712
-0.338765
0.034265
0.394748
-0.242065
-0.446044
-0.152914
0.187509
-0.455845
-0.265809
-0.271699
-0.001387
0.490479
-0.110880
-0.372146
0.026079
-0.394994
0.069480
0.365800
-0.415070
-0.211461
0.000782
-0.173023
-0.324249
-0.202839
-0.154239
-0.187686
-0.490640
0.429495
-0.310707
-0.496360
0.421657
-0.082389
-0.481667
0.095367
-0.186337
0.172044
-0.003480
0.439599
0.385640
0.246494
-0.051146
0.250370
0.366840
0.094054
0.287269
0.348096
0.299410
-0.084575
-0.130416
0.212586
0.263223
-0.464797
0.030223
0.343369
0.310323
-0.325139
0.185612
0.118046
-0.069654
-0.378213
-0.386146
0.095373
-0.212114
-0.018987
0.387349
0.108827
0.255939
-0.071171
-0.139159
0.245169
-0.214167
-0.109882
0.004327
0.490960
0.099041
-0.202453
0.151967
-0.359313
-0.029928
0.340113
-0.331100
0.140256
0.010106
-0.354962
-0.415760
-0.078585
-0.300121
-0.066018
-0.360667
0.012814
-0.032951
0.055788
0.082029
0.475539
-0.048243
-0.435655
-0.169082
0.068576
-0.118563
-0.189438
-0.310831
0.192237
-0.284959
0.323785
0.249496
0.265161
0.089034
-0.132179
0.360340
0.385246
0.497086
0.231897
-0.046676
0.140169
0.455639
0.313311
0.114793
0.288850
-0.457870
0.353194
-0.079286
0.362029
-0.044318
0.377510
-0.139605
-0.259373
0.179943
0.191049
0.132237
0.013056
-0.447849
-0.470648
0.332096
0.467668
-0.259197
-0.206028
-0.267513
0.305925
-0.157807
0.371508
-0.109731
0.314576
0.180712
0.223104
0.087623
0.197312
-0.490607
-0.398988
0.487000
-0.470727
0.243647
-0.145997
-0.198830
0.279824
-0.030998
0.307853
0.145730
-0.181642
0.246946
0.200659
-0.476845
-0.282570
-0.000682
0.452946
-0.425472
-0.468971
0.384113
0.078923
0.016265
0.246403
-0.195555
-0.487343
-0.042809
-0.156724
-0.045376
-0.148522
-0.262148
-0.009651
-0.457384
0.459659
0.262157
0.476705
-0.495178
-0.213252
-0.466627
0.292290
0.258210
-0.388796
-0.384598
-0.384311
0.435126
0.421509
-0.371480
-0.354665
-0.109273
-0.416722
0.203039
0.265829
0.267052
-0.178562
0.303600
-0.128091
-0.031322
-0.463355
-0.402942
0.393381
0.002422
-0.148897
0.427661
0.128879
-0.316445
0.131732
0.213809
-0.138224
0.174399
0.144084
-0.140353
0.459231
0.229603
0.023822
0.267477
0.031981
-0.430283
0.347714
0.487118
-0.100539
0.130679
-0.046611
-0.156532
-0.075715
-0.499961
0.247926
0.101255
-0.310943
0.327448
0.259442
-0.016981
-0.329911
-0.170027
-0.098866
-0.094996
0.440600
0.052491
-0.404270
0.308608
0.244794
-0.251946
0.228993
-0.132640
0.010759
0.349235
0.368338
-0.453076
0.232390
-0.442478
-0.218247
0.199645
0.343476
-0.319854
0.390349
0.165151
-0.112303
-0.143536
-0.310511
0.117970
0.269351
0.076264
-0.038900
-0.270941
-0.228434
-0.002552
0.420063
-0.145344
0.426980
0.295329
0.351859
0.023437
-0.423450
0.475388
-0.343460
0.290679
0.373961
0.176234
-0.067878
0.188491
-0.467419
0.424578
0.450031
-0.194375
-0.452120
-0.392035
0.358422
0.000568
-0.255596
-0.455498
0.237395
0.376058
-0.465805
0.498464
0.309595
0.275504
0.068554
-0.316082
0.312344
-0.106191
0.241020
0.255912
0.237073
-0.414907
0.269653
0.077129
-0.474211
-0.441545
0.473966
0.271147
0.454844
-0.322708
-0.281036
0.208468
-0.303786
0.023595
0.192385
-0.340265
0.358129
0.290764
-0.390592
-0.437381
-0.462574
-0.355047
-0.022993
-0.199202
0.183414
0.173954
-0.333058
0.225599
-0.066782
-0.494691
-0.194145
0.485689
0.335948
-0.329064
-0.096490
-0.101857
0.102794
0.439455
-0.135360
-0.107322
0.465883
-0.153923
0.230101
-0.400376
-0.292892
0.008828
0.199625
-0.159063
0.152666
0.153954
-0.000563
-0.183902
-0.418561
0.444205
0.130350
0.452203
-0.325223
0.491271
-0.491381
-0.083980
-0.198324
-0.286663
-0.209240
-0.457272
-0.329729
0.198376
0.275615
0.064581
0.396873
0.289658
0.231091
0.339493
0.234958
0.360622
-0.417870
-0.465211
0.046537
-0.149113
0.270926
-0.349805
0.026991
0.451802
0.249280
-0.215473
0.238851
0.175473
0.477580
-0.215131
-0.141349
0.297929
0.365055
0.032752
-0.445481
-0.159939
-0.416593
0.260593
0.152543
-0.030036
-0.270070
0.186080
-0.381106
0.300047
0.449556
-0.255176
-0.298153
0.004542
-0.062824
0.130417
-0.424165
-0.101043
0.365273
-0.145813
-0.388277
0.489915
0.097504
-0.466824
0.302107
0.348464
0.443047
0.159257
0.114740
-0.167844
-0.236206
0.494451
0.283946
0.156270
0.413513
-0.343582
-0.405659
-0.189124
0.245788
-0.100150
-0.105072
-0.155246
-0.350273
-0.024220
-0.170673
-0.098787
-0.206032
0.303306
0.084955
-0.329832
-0.441199
0.283583
-0.453600
-0.074167
-0.351816
-0.161702
0.040423
-0.100240
0.208606
0.210635
0.071094
-0.118021
0.127548
-0.130798
0.450367
0.019294
-0.137471
0.386656
-0.092452
-0.405370
0.490614
-0.395777
0.056451
-0.256217
-0.069917
0.337738
-0.389438
-0.274335
0.459322
-0.006154
0.039786
0.279436
0.203984
-0.291818
0.013081
0.443798
0.147252
-0.433499
-0.039679
0.261364
-0.209598
-0.365081
-0.389191
-0.150956
-0.042270
0.016607
-0.343391
0.213774
-0.105910
0.462879
0.360573
0.450596
-0.405901
-0.378326
-0.454995
-0.292620
-0.026319
0.113295
0.167599
0.202956
0.450608
-0.227321
0.292853
-0.404903
-0.337973
0.075679
-0.203442
-0.001289
0.406128
-0.168777
-0.447563
-0.082931
0.016135
0.085660
-0.072893
-0.381575
-0.353386
0.386852
0.211646
-0.493227
0.083664
0.321350
-0.021564
0.477239
-0.250772
0.006344
-0.413095
-0.006129
-0.034757
0.116944
-0.233206
-0.403789
-0.277892
0.064023
-0.453866
0.231064
0.007791
-0.195522
0.283639
0.431720
-0.374335
0.351376
0.362715
-0.171783
0.349254
-0.432993
-0.469988
-0.423238
-0.370530
-0.445998
-0.279682
-0.236704
0.489008
0.051794
-0.044236
0.201202
-0.304974
0.384817
-0.484385
0.006841
0.443127
-0.407345
-0.229007
0.449317
-0.055559
-0.462900
-0.024604
-0.041836
0.052266
0.486032
0.086154
-0.032286
-0.165808
0.252014
0.418135
-0.156293
0.032203
0.075005
-0.401712
-0.247048
0.090690
-0.214895
0.420962
-0.021036
-0.019062
0.260542
0.478389
0.324651
-0.007030
-0.017225
-0.368193
-0.005661
-0.363812
0.417283
-0.208423
0.092201
0.393986
0.122878
0.353944
0.156959
-0.036888
-0.074374
-0.125879
-0.125560
-0.050814
-0.272074
-0.241580
-0.048977
-0.284382
0.177728
0.280521
-0.462618
0.167060
-0.331379
0.122155
0.347214
-0.165972
0.169977
-0.264194
-0.216881
0.374466
-0.169546
0.376249
-0.391667
-0.345604
0.214052
0.004897
-0.438697
0.325563
0.488665
-0.008187
0.352456
0.439169
-0.387074
0.102171
0.433165
0.091531
0.238577
0.230269
-0.227053
0.109423
0.271453
0.482915
0.233436
-0.459199
-0.184338
-0.340607
-0.225729
0.287117
-0.053633
-0.493451
0.304148
0.258695
-0.493431
0.409640
-0.250378
0.326604
0.311351
-0.012861
-0.157819
-0.334172
0.313099
0.160529
-0.491393
0.143444
0.339669
-0.394070
0.165790
-0.232959
0.407671
0.068622
-0.152503
0.014943
-0.041015
-0.410047
0.312241
0.463788
0.339000
0.057694
0.497707
-0.317048
-0.141654
0.137470
0.498767
-0.031076
-0.268949
-0.370547
0.485462
0.272897
-0.035437
0.263997
-0.179560
0.074256
-0.128935
-0.243832
0.273915
0.106556
-0.245957
0.112476
0.335616
0.188685
-0.178870
0.010802
-0.436276
-0.242081
-0.483739
0.122944
0.156119
-0.490085
-0.209989
0.128872
0.338202
0.273144
-0.375239
0.175145
0.389725
-0.397896
-0.479124
0.447098
0.308537
-0.010349
-0.213595
0.125891
-0.197930
-0.455110
-0.387689
0.143200
0.054703
-0.164682
0.082813
-0.060681
-0.144411
0.046074
0.077008
-0.421207
0.377653
-0.068300
0.021753
0.088544
0.285479
0.111140
0.113899
0.494662
-0.144448
0.415593
0.104448
0.044654
0.021452
-0.021267
-0.377185
-0.187335
0.187018
0.072650
0.037900
-0.306324
0.447356
0.035135
-0.278462
-0.079206
0.232980
0.235523
0.134140
0.431872
0.283462
0.235223
-0.360164
0.055083
0.220429
-0.015111
0.264839
0.085375
0.089143
0.126309
-0.299657
0.011427
0.389385
-0.272776
0.126919
0.232913
-0.035112
-0.240030
-0.124630
-0.018492
0.149282
-0.385433
0.120546
-0.100497
-0.015675
-0.462136
0.367280
0.241771
0.349656
-0.020768
-0.232170
-0.494784
0.374856
0.186089
-0.228775
-0.483388
-0.155592
-0.482510
-0.332172
-0.412038
-0.430892
-0.014330
-0.121334
0.320486
0.132904
-0.367463
0.447798
-0.251906
-0.326268
0.368418
-0.197752
-0.461936
-0.260555
-0.308837
-0.041468
-0.041007
-0.301349
-0.036585
-0.481213
0.223340
-0.263545
-0.058302
-0.361737
-0.152805
-0.293862
-0.384254
-0.104241
-0.112803
-0.226179
-0.110148
-0.068514
-0.274820
0.221100
0.143188
-0.188015
0.344769
0.343084
-0.415786
0.322714
-0.401894
-0.314767
-0.205404
-0.295980
0.489874
-0.485480
-0.432333
-0.064538
0.099758
-0.494567
-0.122510
-0.276853
-0.367169
0.073672
-0.498011
0.170752
0.367300
-0.185114
0.371796
-0.100262
-0.231742
0.324712
0.037555
0.166265
-0.287025
-0.019322
0.095261
-0.013377
0.154576
-0.127500
0.228283
0.417212
0.230375
0.141671
-0.365181
0.184800
-0.250876
-0.498559
-0.081128
-0.090591
-0.213828
-0.063544
0.053297
-0.376573
-0.162838
0.013176
0.340746
-0.251521
0.395337
-0.028484
-0.428350
0.281685
0.180721
-0.066468
0.494252
0.127463
0.289402
0.463007
-0.362571
0.164655
0.490905
-0.210571
-0.482503
-0.348812
-0.467444
-0.494699
-0.463110
0.329042
0.056864
0.409487
-0.281927
-0.286937
0.275631
0.323183
0.465680
0.140085
0.184187
-0.040832
-0.429792
-0.465167
0.221616
-0.405301
-0.497515
-0.160122
-0.396068
-0.421439
-0.190550
-0.384332
0.293023
-0.078536
-0.237965
-0.125035
0.232337
0.139676
-0.321635
0.248482
-0.120793
0.239456
-0.498749
0.480966
-0.302563
-0.198194
0.446648
-0.245653
-0.325037
0.488176
-0.233824
0.329431
-0.286386
-0.416454
0.185343
-0.104705
0.434610
-0.399790
-0.128600
0.035882
0.202551
0.468467
-0.086081
0.402352
-0.322815
0.016317
-0.132971
-0.238854
0.266194
-0.254137
-0.159597
-0.335552
-0.427209
0.450373
-0.010966
0.173286
-0.209710
0.063669
0.224440
0.063312
0.274359
0.141176
0.401650
-0.074778
0.087634
0.143328
0.199541
0.431039
-0.452712
0.333707
-0.235047
0.472969
-0.161259
-0.113963
-0.089157
-0.131601
0.310704
-0.400902
-0.397337
-0.296931
-0.245191
0.406594
-0.453221
-0.338531
0.420223
0.180781
0.318012
0.145951
-0.294835
0.254148
0.199369
-0.395620
-0.095766
0.216535
-0.497833
-0.474990
-0.018080
0.202623
0.315269
0.479233
0.469740
0.476053
-0.439192
0.258273
-0.340097
-0.018603
0.049772
0.187618
0.425377
-0.265641
0.265898
-0.450878
0.249947
0.139960
-0.471176
-0.248996
-0.179662
0.474125
0.401937
-0.242935
0.457887
-0.427666
0.483867
0.060352
-0.404038
-0.342672
-0.088873
-0.116079
0.001985
-0.059622
0.233999
0.075569
-0.366385
0.375272
-0.161825
-0.341058
-0.391152
-0.335086
0.406380
0.017325
-0.363578
0.224518
0.159719
0.198643
-0.021537
0.490381
0.171459
-0.138264
0.381508
-0.076409
0.460042
-0.233673
-0.113902
0.386417
0.096308
-0.085349
-0.390214
-0.252221
0.238302
-0.459187
-0.014428
0.141763
-0.348556
0.401673
0.058140
0.404389
0.194562
0.447405
0.014430
0.142796
0.306793
0.158457
0.260069
0.236674
-0.325696
-0.046286
-0.271304
0.344737
-0.323484
0.346829
0.026085
0.051405
-0.333178
0.321416
-0.184033
-0.071211
0.180271
0.304239
-0.196696
0.295032
-0.166622
-0.152409
-0.298574
0.474917
-0.327903
0.286249
0.250185
0.347988
0.425782
0.000812
0.305934
0.351042
0.207005
0.197576
-0.313360
-0.234760
0.149528
0.081207
-0.321925
-0.040570
0.406332
-0.063511
0.167799
0.459990
-0.181651
-0.117375
-0.319354
0.102709
-0.436697
-0.439078
0.087955
-0.259788
-0.399565
0.357545
0.437916
0.385812
0.220117
-0.136842
-0.165937
0.153973
0.354165
-0.403319
0.014749
0.331488
-0.225588
-0.124401
0.438414
-0.369264
-0.034919
-0.280941
-0.160509
0.101684
-0.231896
-0.377021
-0.132272
0.359468
0.478065
0.468788
-0.139105
0.222925
-0.356198
0.002204
-0.480479
0.174189
0.086812
-0.048054
-0.178305
0.103164
0.029256
-0.189864
-0.094164
0.444846
0.109359
0.269412
-0.278618
-0.113601
0.124833
-0.033509
0.194930
-0.185003
-0.040975
-0.281073
-0.361023
-0.070210
-0.110136
0.038899
-0.110108
0.056479
-0.497029
0.291994
0.189884
0.125005
0.236726
0.220082
-0.042080
-0.475509
0.098140
0.293878
-0.167104
-0.309749
0.321984
0.182460
0.077219
-0.499993
0.023826
-0.436982
-0.250393
0.199964
0.125708
0.041621
0.450729
-0.159045
0.486207
-0.064376
0.149695
-0.394198
-0.324807
-0.130996
0.461744
0.169143
0.026244
0.082407
0.168573
-0.060819
-0.408833
-0.014349
0.339377
0.091354
0.091181
0.252459
-0.182579
-0.113621
-0.052869
-0.108092
0.319485
0.295736
-0.066593
0.156393
-0.088643
-0.402607
0.034602
-0.197215
0.062681
-0.189139
0.298479
-0.081856
0.403803
-0.246622
-0.444807
-0.369859
-0.342238
0.014829
0.224704
0.306855
-0.300286
-0.377646
0.060380
0.074019
0.053909
-0.343133
0.361974
-0.296083
0.140965
0.432335
-0.177076
0.077383
-0.012027
-0.100363
0.298833
0.445989
-0.499561
0.210086
0.248936
-0.327334
-0.412643
0.012625
0.356752
-0.266942
-0.098495
0.358052
-0.063115
-0.233214
0.436216
0.202899
0.041579
-0.392615
-0.201855
0.238876
-0.052751
0.275097
0.084951
-0.426569
-0.230069
-0.178631
0.056439
0.341305
0.099802
-0.246604
-0.423031
-0.330332
-0.452854
-0.207631
0.049800
0.244601
0.024291
-0.221506
0.352082
0.085411
-0.018483
-0.007960
0.088709
0.251657
-0.354347
0.356237
0.455468
0.271372
-0.356514
-0.278911
0.346591
0.060027
-0.445320
-0.238934
0.301423
0.045008
-0.291817
0.476005
0.199595
0.081660
-0.342002
0.436913
-0.017230
-0.053776
0.361610
0.026319
-0.050743
-0.371714
0.253867
0.367092
-0.354883
0.264156
0.296756
-0.166301
0.117517
-0.249132
-0.404908
0.039005
0.198606
-0.326727
-0.158542
-0.345979
0.490907
-0.026035
-0.331370
-0.364579
0.032651
-0.432516
-0.097664
0.483598
0.295967
0.492133
-0.150479
0.243796
-0.356863
0.347753
0.397004
0.020699
-0.246160
-0.134428
0.405311
0.427709
0.075874
-0.043030
-0.294401
0.174332
0.284195
-0.170173
0.456673
-0.312318
0.254457
-0.170551
-0.086838
0.476028
-0.476851
-0.256097
-0.437171
0.482214
-0.448742
-0.060452
0.116433
0.243486
0.333690
0.124259
-0.462651
-0.243571
0.362024
0.491184
0.472582
0.230858
-0.334629
-0.218810
-0.257668
-0.151505
-0.130632
0.322742
-0.174265
0.440658
-0.256575
0.266740
-0.230115
0.444119
-0.110193
-0.130333
0.193869
0.349276
-0.337505
-0.472405
0.194823
0.257305
-0.324272
-0.470286
0.482096
-0.113086
-0.247762
0.256760
-0.203767
0.224594
-0.413826
-0.493864
0.408144
-0.231336
0.346994
-0.215873
0.045154
-0.358201
-0.262158
0.059154
-0.030201
-0.308614
-0.212612
0.385127
0.196395
-0.314809
0.075795
0.195976
-0.442307
-0.151285
-0.334024
-0.401193
-0.182879
0.484361
-0.355512
-0.100141
0.435400
0.101394
0.406625
0.001550
0.396489
0.009431
0.337715
-0.044433
-0.012691
0.195964
-0.005053
0.347746
-0.441109
-0.215957
0.394089
-0.387165
0.399696
0.103511
0.199843
-0.292526
0.442203
0.027649
0.012400
-0.492114
-0.027891
-0.026593
-0.309754
0.176400
-0.362212
-0.006587
0.168706
0.037730
0.407991
0.022773
-0.333203
-0.213541
0.403681
-0.144819
-0.438602
0.218593
0.243851
0.247154
0.147354
-0.214769
-0.318462
0.340669
-0.034997
0.050844
-0.304750
0.235592
0.054334
0.107997
-0.005168
-0.094374
-0.387228
0.362247
0.132226
-0.408746
0.106628
-0.015453
0.108053
0.367933
-0.399318
0.058723
-0.081339
0.131129
-0.303422
-0.188562
0.200371
-0.042056
0.235503
-0.196779
0.346721
-0.360872
-0.062588
0.146393
-0.130370
0.095501
-0.181914
0.298111
-0.122653
0.174948
-0.411208
-0.275188
0.125977
-0.120898
0.158936
-0.043252
-0.164682
0.464323
-0.302529
-0.177208
-0.140723
0.214398
-0.370625
0.303732
0.350603
0.461171
0.014211
-0.481941
-0.226740
-0.161803
0.018240
-0.011801
0.298080
0.412006
0.030469
0.222789
0.346799
-0.187475
0.031837
0.122194
-0.439284
-0.458877
0.336692
-0.405978
0.117251
0.362376
-0.071446
0.080596
0.054546
0.000994
-0.424887
-0.460705
-0.086690
-0.282204
-0.169373
0.092719
0.023215
0.320665
-0.397633
0.345231
-0.424174
-0.204744
-0.176505
-0.006756
-0.149658
0.324955
-0.464665
-0.350199
0.228626
0.035576
-0.008513
-0.236518
-0.383980
0.253946
-0.153493
0.453447
-0.175527
0.188571
0.485189
0.406368
0.056480
0.077666
0.097743
0.368791
0.369401
0.271210
-0.323250
0.008322
0.201560
0.218938
0.415424
-0.201251
0.052118
0.165661
0.000279
0.003893
-0.082991
0.026031
0.313679
-0.334659
-0.274252
-0.162665
0.249284
-0.142812
0.194938
-0.239192
0.259990
0.286015
0.394894
0.401847
0.169124
-0.438417
0.056261
0.044777
0.489076
-0.147544
0.064151
0.341146
-0.025530
-0.031279
-0.277962
0.398762
-0.238219
-0.357864
-0.466677
-0.175492
0.139073
0.394362
0.317776
-0.363404
-0.203256
-0.411945
-0.485986
0.266574
0.161726
0.227970
-0.343374
-0.402293
-0.200771
0.372809
0.235726
-0.228992
0.319365
0.103005
0.102303
-0.437090
0.187339
-0.279007
-0.207714
-0.388557
-0.027251
-0.226602
-0.289275
-0.147273
0.499051
-0.196545
-0.481629
-0.006679
0.154233
0.021105
0.314155
0.023640
-0.474735
0.026300
0.275541
-0.274528
-0.420375
0.461389
-0.216013
0.311146
-0.131337
0.218241
0.292343
-0.410456
-0.129883
-0.303136
-0.088597
0.305994
-0.427139
-0.388931
0.030505
-0.067529
-0.112941
0.388991
-0.479371
-0.420592
0.215034
-0.141520
-0.407543
-0.092414
0.487648
0.357038
-0.291020
-0.299635
-0.222068
0.258832
-0.393365
0.356076
0.424326
0.044350
0.470661
0.296702
0.004035
0.442895
